{"generated_at":"2026-04-11T21:58:57.794Z","sims":1000000,"season":"2025/2026","last_result_date":"2026-04-07","tiers":[{"tier":1,"division":"Premier League","teams":["AFC Bournemouth","Arsenal","Aston Villa","Brentford","Brighton & Hove Albion","Burnley","Chelsea","Crystal Palace","Everton","Fulham","Leeds United","Liverpool","Manchester City","Manchester United","Newcastle United","Nottingham Forest","Sunderland","Tottenham Hotspur","West Ham United","Wolverhampton Wanderers"],"basePoints":[42,70,54,46,43,20,48,39,46,44,33,49,61,55,42,32,43,30,29,17],"fixtures":[[0,7,0.5070175540715638,0.2749136193012573,0.21806882662717886],[0,10,0.49456476533298527,0.27755651890767674,0.22787871575933805],[0,12,0.24052421354102105,0.28059557176301286,0.47888021469596603],[1,0,0.6569303929564143,0.2276552209228194,0.11541438612076635],[1,5,0.8311531413469887,0.1361971626809081,0.0326496959721033],[1,9,0.6911186068496162,0.2129190869646837,0.09596230618570008],[1,14,0.6821943865761898,0.21690966375440132,0.10089594966940883],[2,11,0.44635187306291657,0.2858466594548464,0.2678014674822371],[2,16,0.5347154862679622,0.26831643301323477,0.1969680807188031],[2,17,0.6878947782841925,0.21437247517834968,0.09773274653745777],[3,7,0.5397863335815449,0.26700238727893294,0.1932112791395222],[3,8,0.43057203772861413,0.287869286919546,0.2815586753518398],[3,9,0.4883124420333641,0.2788069206115428,0.23288063735509318],[3,18,0.5930526303206913,0.2512401222538865,0.15570724742542236],[4,6,0.38664199493281765,0.2916090731686241,0.32174893189855824],[4,13,0.32571605978854623,0.2918140392495853,0.38246990096186845],[4,19,0.5717120648267218,0.2579827196910819,0.17030521548219643],[5,2,0.14508372186223498,0.24578376788939998,0.609132510248365],[5,4,0.17726895082231783,0.2609161333876814,0.5618149157900009],[5,12,0.0808299062263731,0.19941844919380516,0.7197516445798218],[5,19,0.30812423168601794,0.29068683499601905,0.401188933317963],[6,12,0.2579571806897374,0.28414801817133784,0.45789480113892483],[6,13,0.3497191519687061,0.2924667009254155,0.3578141471058784],[6,15,0.5296249331743675,0.26960266561046486,0.20077240121516768],[6,17,0.6671965433936246,0.2233865635632058,0.10941689304316976],[7,1,0.12655156512397106,0.23500766653888464,0.6384407683371444],[7,8,0.3052304712960172,0.29044649964315233,0.4043230290608305],[7,14,0.34870792146766794,0.29245905530679633,0.35883302322553584],[7,18,0.46842592252464965,0.282439497654394,0.2491345798209564],[8,11,0.4137711891778557,0.28963414338746923,0.29659466743467505],[8,12,0.25265718921440783,0.28314322213328585,0.46419958865230637],[8,16,0.5028749675430783,0.27581525142828955,0.22130978102863227],[9,0,0.3690907732258992,0.29228831132631267,0.3386209154477881],[9,2,0.3237428399655021,0.2917156183898149,0.38454154164468307],[9,14,0.4001717498170068,0.29076169098428456,0.3090665591987087],[10,4,0.3346492141870866,0.29217332917905253,0.373177456633861],[10,5,0.5978255024708674,0.24965424050417456,0.15252025702495803],[10,19,0.4956052527679529,0.2773434478724707,0.2270512993595763],[11,3,0.3907962545270346,0.2913784322842378,0.3178253131887276],[11,6,0.40330469823399695,0.29052619144716657,0.3061691103188364],[11,7,0.5193886293207571,0.27208882004000934,0.20852255063923358],[11,9,0.4673763849821241,0.2826165072015387,0.2500071078163372],[12,1,0.3386465534681666,0.29228896512197955,0.369064481409854],[12,2,0.5478563330893913,0.2648438825889845,0.18729978432162422],[12,3,0.5608476312211947,0.26119622719940694,0.17795614157939837],[12,7,0.673922255817972,0.22051749911310672,0.10556024506892128],[13,3,0.4621255620561013,0.28347972410124894,0.2543947138426499],[13,10,0.5756317824329611,0.2567869945472457,0.16758122301979317],[13,11,0.4830908599739691,0.27981167444004634,0.23709746558598457],[13,15,0.5892131247337361,0.2524952263581333,0.15829164890813058],[14,0,0.38042706409523336,0.29190458412301495,0.32766835178175163],[14,4,0.38456807760941014,0.2917143147194575,0.3237176076711323],[14,18,0.5316634572311998,0.26909155641945837,0.1992449863493419],[15,0,0.3168723445502956,0.2913181858983102,0.39180946955139423],[15,2,0.2742026252770097,0.286837625143183,0.4389597495798073],[15,5,0.5843878082650226,0.25404646521833574,0.16156572651664183],[15,14,0.34668816528011015,0.292438653944133,0.360873180775757],[16,6,0.3168723445502956,0.2913181858983102,0.39180946955139423],[16,13,0.26062915848401297,0.28463038576596067,0.45474045575002636],[16,15,0.43267517115975274,0.28761993498185573,0.27970489385839165],[16,17,0.5824497580259458,0.2546613158652677,0.16288892610878655],[17,4,0.19323039558671753,0.2670091858818656,0.5397604185314169],[17,8,0.1801016463633222,0.2620601241771051,0.5578382294595726],[17,10,0.25441728836312655,0.2834840502804778,0.46209866135639566],[18,1,0.09954170738760164,0.2158326262831081,0.6846256663292903],[18,8,0.2552998078542157,0.2836522596123745,0.46104793253340987],[18,10,0.34366543145787737,0.2923952810154258,0.36393928752669685],[18,19,0.42636730824185537,0.28834897193716913,0.2852837198209756],[19,9,0.2928263804677533,0.28923424322973507,0.4179393763025117],[19,16,0.3237428399655021,0.2917156183898149,0.38454154164468307],[19,17,0.4956052527679529,0.2773434478724707,0.2270512993595763]],"posProbs":{"AFC Bournemouth":[0,0,0,0.000009,0.000245,0.004286,0.014839,0.033179,0.06047,0.092884,0.127379,0.156281,0.179699,0.188581,0.110265,0.028166,0.003666,0.000051,0,0,0],"Arsenal":[0,0.972542,0.027449,0.000009,0,0,0,0,0,0,0,0,0,0,0,0,0,0,0,0,0],"Aston Villa":[0,0,0.020602,0.370267,0.475476,0.096908,0.026247,0.007573,0.002217,0.000561,0.000128,0.000021,0,0,0,0,0,0,0,0,0],"Brentford":[0,0,0.000009,0.002917,0.019201,0.11441,0.163621,0.17847,0.16427,0.133446,0.097628,0.065134,0.038269,0.017876,0.004524,0.000221,0.000004,0,0,0,0],"Brighton & Hove Albion":[0,0,0,0.000379,0.00436,0.038996,0.080272,0.116064,0.14627,0.158862,0.148695,0.124782,0.095626,0.061581,0.020702,0.00326,0.00015,0.000001,0,0,0],"Burnley":[0,0,0,0,0,0,0,0,0,0,0,0,0,0,0,0.000004,0.000065,0.000669,0.005329,0.426127,0.567806],"Chelsea":[0,0,0.000092,0.012822,0.058713,0.24724,0.231083,0.171007,0.116534,0.07651,0.046184,0.02481,0.01134,0.003313,0.000341,0.000011,0,0,0,0,0],"Crystal Palace":[0,0,0,0,0.000008,0.000386,0.001482,0.003945,0.008503,0.01626,0.029762,0.051927,0.091248,0.173522,0.414511,0.167801,0.037088,0.003424,0.000133,0,0],"Everton":[0,0,0.000008,0.00255,0.021329,0.132599,0.175116,0.179651,0.158062,0.124704,0.090017,0.060403,0.035413,0.016017,0.003932,0.000196,0.000003,0,0,0,0],"Fulham":[0,0,0,0.000057,0.001198,0.012446,0.030695,0.055254,0.085745,0.116285,0.1455,0.163511,0.167542,0.151734,0.061776,0.007903,0.000353,0.000001,0,0,0],"Leeds United":[0,0,0,0,0,0,0.000001,0.00002,0.000111,0.000506,0.00179,0.005129,0.013948,0.039596,0.151635,0.468065,0.234953,0.066298,0.017882,0.000066,0],"Liverpool":[0,0,0.00009,0.020822,0.077808,0.270212,0.212273,0.160662,0.110975,0.071705,0.041491,0.021556,0.009273,0.002795,0.000334,0.000004,0,0,0,0,0],"Manchester City":[0,0.027457,0.922408,0.043257,0.006696,0.000171,0.000011,0,0,0,0,0,0,0,0,0,0,0,0,0,0],"Manchester United":[0,0.000001,0.029342,0.546796,0.333303,0.065544,0.017817,0.005289,0.001468,0.00037,0.000062,0.000007,0.000001,0,0,0,0,0,0,0,0],"Newcastle United":[0,0,0,0.000009,0.000259,0.004622,0.016323,0.035908,0.063729,0.095269,0.124628,0.15274,0.176187,0.191024,0.113705,0.022923,0.002623,0.000051,0,0,0],"Nottingham Forest":[0,0,0,0,0,0,0,0,0.000017,0.000042,0.000257,0.00095,0.003191,0.010905,0.052067,0.227394,0.488026,0.167531,0.049381,0.000238,0.000001],"Sunderland":[0,0,0,0.000106,0.001404,0.01218,0.03022,0.052978,0.081629,0.112596,0.146479,0.172743,0.178192,0.142479,0.058278,0.009844,0.000859,0.000013,0,0,0],"Tottenham Hotspur":[0,0,0,0,0,0,0,0,0,0,0,0.000004,0.00002,0.000176,0.002243,0.025372,0.098032,0.349004,0.510171,0.014862,0.000116],"West Ham United":[0,0,0,0,0,0,0,0,0,0,0,0.000002,0.000051,0.000401,0.005687,0.038828,0.134031,0.408909,0.397495,0.014397,0.000199],"Wolverhampton Wanderers":[0,0,0,0,0,0,0,0,0,0,0,0,0,0,0,0.000008,0.000147,0.004048,0.019609,0.54431,0.431878]},"examples":{"AFC Bournemouth":{"3":[0,0,2,2,0,0,0,2,2,0,0,2,1,0,0,0,2,1,0,2,2,2,1,2,0,0,0,1,0,0,2,2,2,0,0,0,1,2,2,2,0,0,1,0,0,0,1,2,1,2,2,1,1,2,0,0,0,1,1,1,2,1,1,2,2,2,0,2,2,0,2],"4":[0,0,0,2,0,1,0,0,2,0,2,0,2,0,2,2,0,1,0,1,1,2,0,0,1,1,2,2,1,2,0,0,2,2,2,1,0,2,0,1,2,0,0,0,2,1,2,1,0,1,2,1,0,2,1,0,1,0,0,0,0,2,2,0,2,1,1,2,1,2,0],"5":[0,0,0,0,0,0,1,1,1,2,1,1,1,0,2,2,1,2,0,2,1,1,1,1,2,2,1,1,2,1,2,1,2,2,2,1,0,2,1,2,0,2,2,0,1,0,1,0,0,0,2,0,0,2,1,0,0,2,0,2,2,2,2,2,1,1,2,0,1,2,0],"6":[0,2,2,2,1,2,0,0,0,2,2,2,2,2,0,2,0,1,0,2,0,2,2,1,0,2,0,1,0,1,2,0,2,2,1,1,1,1,0,0,2,2,0,0,1,1,2,0,2,0,2,0,2,2,0,0,0,1,1,0,0,2,1,0,2,0,2,0,2,1,2],"7":[0,0,0,0,2,0,0,2,0,0,0,0,2,0,1,1,2,2,2,2,2,2,1,2,0,2,2,1,1,1,0,1,2,1,2,2,2,0,2,2,2,0,0,0,0,2,1,1,0,0,0,1,0,2,0,0,2,2,2,0,2,2,1,2,2,1,0,0,1,2,0],"8":[0,1,2,2,0,0,2,2,2,0,2,2,0,0,0,2,1,2,0,0,2,1,1,0,1,1,0,1,0,0,2,1,0,2,2,2,0,2,0,0,0,2,1,0,0,0,1,0,1,0,2,0,1,2,0,0,2,2,2,0,2,1,1,0,0,0,1,0,2,0,2],"9":[1,0,0,2,0,0,0,0,0,0,0,2,0,0,0,0,0,2,2,2,0,0,1,0,0,2,1,2,1,2,0,1,2,0,0,1,2,1,2,0,0,0,1,0,0,0,0,1,0,0,0,2,2,2,2,0,0,1,1,0,0,1,0,2,1,0,0,1,2,2,0],"10":[0,0,1,1,0,0,0,0,0,0,1,1,0,0,0,0,2,1,1,1,0,2,0,0,1,1,0,2,1,2,1,1,2,0,2,2,0,0,2,0,2,1,0,0,2,0,1,1,1,0,1,1,0,0,1,1,2,2,1,0,1,1,1,1,2,1,0,1,1,2,1],"11":[1,0,1,0,1,0,0,0,0,0,0,0,2,0,0,1,1,2,2,2,2,1,0,1,2,0,1,1,2,2,2,2,2,0,2,0,0,1,0,1,0,2,0,0,1,0,0,0,1,1,1,2,1,0,2,2,2,0,2,1,2,2,1,1,2,2,2,0,0,2,0],"12":[1,1,0,0,0,0,1,2,0,2,0,1,2,2,0,0,1,1,2,2,2,0,0,0,0,2,2,0,0,2,0,0,0,0,0,0,0,1,2,1,0,2,2,0,1,0,1,0,0,2,0,0,0,2,0,2,0,2,2,0,1,2,2,2,2,1,1,1,2,1,1],"13":[1,2,1,2,0,1,0,0,1,1,0,1,0,1,2,1,1,1,2,2,1,0,1,0,1,2,2,1,1,0,2,0,2,0,2,2,1,2,2,0,2,2,2,2,1,0,2,0,2,0,0,2,0,0,0,1,1,0,1,1,0,2,2,2,2,0,1,2,2,0,0],"14":[1,2,1,0,0,1,0,1,2,1,1,0,1,2,1,2,0,2,2,2,2,2,1,0,0,2,0,0,2,2,2,2,0,1,2,0,2,0,1,2,0,0,0,1,0,0,1,0,0,1,1,2,0,0,0,1,2,2,0,1,0,2,2,1,2,2,1,0,2,1,0],"15":[0,2,2,0,0,0,1,2,0,0,0,2,2,0,1,1,2,0,2,2,0,2,1,0,1,2,2,0,0,2,0,0,1,1,1,2,1,0,1,1,0,1,1,0,1,2,0,2,0,2,0,0,1,1,2,0,0,0,2,2,1,0,2,1,1,0,2,0,2,1,0],"16":[2,2,0,0,1,0,0,1,0,0,1,1,2,2,2,0,0,2,2,2,2,0,0,1,0,2,1,2,2,0,1,1,0,1,2,0,0,1,2,0,0,1,0,0,2,1,2,2,0,1,0,1,2,0,2,0,1,2,2,0,0,2,2,2,1,1,0,0,2,2,2],"17":[2,2,2,0,0,0,0,0,2,0,0,2,2,1,2,2,2,2,0,2,0,1,0,0,0,1,2,0,2,2,1,1,0,2,2,2,1,0,2,2,1,0,2,1,0,2,0,0,0,2,0,2,1,1,2,0,1,0,2,2,0,0,2,2,0,0,1,0,2,1,0]},"Arsenal":{"1":[1,2,1,2,0,1,0,0,1,1,0,1,0,1,2,1,1,1,2,2,1,0,1,0,1,2,2,1,1,0,2,0,2,0,2,2,1,2,2,0,2,2,2,2,1,0,2,0,2,0,0,2,0,0,0,1,1,0,1,1,0,2,2,2,2,0,1,2,2,0,0],"2":[0,1,2,2,0,0,2,2,2,0,2,2,0,0,0,2,1,2,0,0,2,1,1,0,1,1,0,1,0,0,2,1,0,2,2,2,0,2,0,0,0,2,1,0,0,0,1,0,1,0,2,0,1,2,0,0,2,2,2,0,2,1,1,0,0,0,1,0,2,0,2],"3":[1,1,1,0,1,2,2,0,0,0,0,2,0,0,1,2,0,2,2,2,0,2,2,2,0,0,2,2,0,2,1,2,1,0,0,1,0,0,0,0,0,0,0,0,0,0,0,0,0,0,2,1,1,1,0,1,0,2,2,0,0,2,2,0,1,2,0,0,2,2,0],"4":[0,0,2,2,2,2,2,0,0,0,0,0,0,0,0,2,0,2,2,2,2,2,2,0,0,0,2,2,0,0,2,0,0,2,0,2,0,0,0,0,0,0,0,0,0,0,0,0,0,0,0,0,0,2,2,0,2,2,2,0,0,2,2,2,0,2,2,0,2,2,0]},"Aston Villa":{"1":[0,2,0,1,1,1,2,0,0,0,0,0,0,1,0,2,0,2,1,0,2,0,0,0,0,0,2,0,0,0,2,0,1,2,2,0,0,1,0,0,2,1,1,2,0,0,0,2,0,1,1,0,0,2,2,0,1,2,2,1,1,1,2,0,1,1,2,2,2,0,2],"2":[0,2,1,0,2,0,0,0,0,0,0,2,1,0,0,2,2,2,2,0,0,2,0,2,0,2,2,0,0,1,1,0,0,2,1,2,0,2,0,0,1,0,1,0,2,1,0,0,2,2,1,0,0,0,2,0,1,1,1,2,0,1,2,2,1,2,1,2,2,1,2],"3":[1,0,0,2,0,0,0,0,0,0,0,2,0,0,0,0,0,2,2,2,0,0,1,0,0,2,1,2,1,2,0,1,2,0,0,1,2,1,2,0,0,0,1,0,0,0,0,1,0,0,0,2,2,2,2,0,0,1,1,0,0,1,0,2,1,0,0,1,2,2,0],"4":[1,2,1,2,0,1,0,0,1,1,0,1,0,1,2,1,1,1,2,2,1,0,1,0,1,2,2,1,1,0,2,0,2,0,2,2,1,2,2,0,2,2,2,2,1,0,2,0,2,0,0,2,0,0,0,1,1,0,1,1,0,2,2,2,2,0,1,2,2,0,0],"5":[1,2,1,0,0,1,0,1,2,1,1,0,1,2,1,2,0,2,2,2,2,2,1,0,0,2,0,0,2,2,2,2,0,1,2,0,2,0,1,2,0,0,0,1,0,0,1,0,0,1,1,2,0,0,0,1,2,2,0,1,0,2,2,1,2,2,1,0,2,1,0],"6":[1,1,2,0,2,1,1,1,2,0,0,0,0,1,0,2,0,0,2,2,1,2,1,0,0,0,2,1,0,2,2,1,2,1,2,0,1,1,0,1,1,0,2,0,1,0,2,2,0,2,2,2,2,2,0,0,0,2,1,1,0,1,1,0,1,0,0,1,0,0,2],"7":[0,0,0,0,1,0,1,2,1,2,1,0,1,2,1,1,1,1,2,2,2,2,2,0,0,2,0,1,1,0,1,0,2,1,1,1,2,1,0,0,0,1,1,0,1,1,0,0,2,1,2,0,0,2,1,0,0,2,1,0,2,2,2,0,2,1,0,0,2,0,0],"8":[1,1,0,0,0,0,1,2,0,2,0,1,2,2,0,0,1,1,2,2,2,0,0,0,0,2,2,0,0,2,0,0,0,0,0,0,0,1,2,1,0,2,2,0,1,0,1,0,0,2,0,0,0,2,0,2,0,2,2,0,1,2,2,2,2,1,1,1,2,1,1],"9":[2,1,2,0,0,0,0,2,2,2,0,2,0,1,0,2,2,1,2,1,0,2,1,0,0,2,2,2,1,0,2,1,1,0,2,0,0,0,0,2,0,0,0,1,0,1,0,1,0,2,1,0,1,2,0,0,2,0,0,0,2,0,2,2,1,1,0,0,0,0,1],"10":[0,0,1,1,0,0,0,2,2,1,1,0,0,0,2,1,0,1,2,1,0,1,0,2,0,1,1,1,0,2,0,1,0,1,0,2,2,1,2,2,0,2,1,0,0,1,0,0,1,1,1,2,0,1,0,1,0,0,0,1,0,2,2,1,2,2,2,2,0,0,0],"11":[0,0,2,0,0,2,0,2,2,1,0,1,1,0,0,0,0,0,2,2,0,1,1,0,2,0,2,1,2,0,2,2,2,0,2,2,0,0,2,1,2,0,2,0,0,1,2,0,0,1,2,1,1,1,0,0,1,2,0,0,1,0,2,1,2,1,2,1,1,0,1],"12":[0,0,2,0,0,0,0,2,2,2,0,0,0,0,0,2,0,0,2,2,2,2,2,0,0,2,2,2,0,0,2,0,0,0,0,2,0,0,0,0,0,0,2,0,0,0,0,0,0,0,0,0,0,2,0,0,2,2,2,0,0,2,2,2,2,2,2,0,2,2,0],"13":[0,0,1,1,0,0,0,2,2,2,0,1,2,0,2,0,0,0,2,2,1,0,2,2,0,2,2,2,0,0,1,0,1,0,0,2,0,1,2,0,0,0,2,0,0,0,0,0,2,0,0,0,0,2,0,0,0,1,0,0,0,2,2,0,1,2,1,2,2,1,0]},"Brentford":{"2":[0,1,0,2,0,1,1,0,0,0,0,0,0,0,1,2,0,2,1,0,0,1,1,0,1,0,2,2,0,0,0,1,2,0,2,2,0,0,2,1,0,2,2,1,2,2,2,0,1,2,0,0,0,0,0,0,0,0,2,1,0,2,2,1,2,2,0,0,1,2,0],"3":[1,2,1,2,1,1,0,1,1,0,0,0,0,0,2,0,1,2,1,2,2,2,0,0,0,1,0,2,1,0,2,2,0,0,2,0,1,0,2,2,0,0,1,1,2,0,1,1,2,0,2,0,1,2,0,1,0,0,0,2,0,1,2,2,2,0,2,2,1,2,0],"4":[2,0,0,0,0,0,0,1,0,1,1,1,1,0,0,0,2,2,2,2,0,0,0,1,0,2,1,2,0,0,1,1,0,0,0,1,0,1,2,2,1,0,0,2,2,1,2,0,2,1,1,2,0,0,2,1,2,0,1,0,1,0,2,1,2,1,1,0,2,0,2],"5":[1,2,1,2,0,1,0,0,1,1,0,1,0,1,2,1,1,1,2,2,1,0,1,0,1,2,2,1,1,0,2,0,2,0,2,2,1,2,2,0,2,2,2,2,1,0,2,0,2,0,0,2,0,0,0,1,1,0,1,1,0,2,2,2,2,0,1,2,2,0,0],"6":[0,2,2,0,0,0,1,2,1,0,0,1,0,0,0,0,1,2,2,2,1,2,1,2,0,2,0,0,1,0,1,0,1,2,2,0,1,2,0,2,2,0,2,0,1,0,2,1,2,0,1,2,0,0,0,0,2,0,1,1,2,2,2,2,1,2,1,0,0,1,0],"7":[0,0,1,0,0,1,1,2,0,0,0,0,0,1,1,1,2,1,1,1,2,2,2,0,0,1,0,2,2,2,1,1,2,0,2,2,0,1,0,2,2,1,0,0,1,0,0,2,0,0,1,2,2,2,0,0,2,2,0,0,0,1,0,2,2,2,0,0,2,1,1],"8":[0,2,2,0,0,0,1,2,0,0,0,2,2,0,1,1,2,0,2,2,0,2,1,0,1,2,2,0,0,2,0,0,1,1,1,2,1,0,1,1,0,1,1,0,1,2,0,2,0,2,0,0,1,1,2,0,0,0,2,2,1,0,2,1,1,0,2,0,2,1,0],"9":[1,1,1,0,0,0,0,1,0,0,0,2,1,0,0,0,0,2,0,1,0,2,2,1,1,2,2,2,2,2,1,0,0,0,2,1,0,1,1,2,0,0,2,2,0,0,0,0,2,0,2,1,1,1,2,0,0,2,2,2,0,1,2,0,2,0,2,2,2,0,1],"10":[0,1,2,2,0,0,2,2,2,0,2,2,0,0,0,2,1,2,0,0,2,1,1,0,1,1,0,1,0,0,2,1,0,2,2,2,0,2,0,0,0,2,1,0,0,0,1,0,1,0,2,0,1,2,0,0,2,2,2,0,2,1,1,0,0,0,1,0,2,0,2],"11":[1,0,2,0,0,0,0,0,2,0,2,1,2,0,0,2,0,2,2,2,1,2,1,0,0,2,2,0,2,2,2,1,2,0,0,0,0,0,0,2,2,1,1,1,0,0,0,1,0,0,0,1,1,0,1,0,2,0,1,1,0,2,1,2,2,2,1,1,0,2,1],"12":[2,2,1,0,1,0,2,2,0,0,2,2,1,0,2,0,1,1,2,1,1,0,2,0,2,1,1,0,0,1,1,1,2,2,0,0,0,1,1,2,2,1,0,1,0,0,0,1,2,1,0,0,1,0,2,0,2,2,0,0,2,2,2,1,2,2,2,2,0,2,2],"13":[2,0,0,0,0,0,0,1,2,0,2,0,1,2,2,1,2,0,2,2,0,1,0,1,1,2,0,0,1,0,2,1,2,0,1,0,1,0,0,1,1,0,2,1,0,0,0,2,2,0,0,0,2,2,2,2,2,1,2,2,0,2,2,2,2,0,2,2,0,2,0],"14":[0,0,2,0,1,0,1,1,0,0,1,2,2,1,2,1,0,1,2,2,0,1,0,0,0,2,0,0,0,1,2,1,2,2,2,1,2,0,0,1,0,0,1,0,0,2,0,1,0,0,0,2,2,0,0,1,1,2,2,0,0,0,2,2,2,0,1,0,1,2,0],"15":[0,2,0,1,0,1,0,0,0,2,2,2,2,1,1,2,0,0,2,2,2,1,1,0,2,2,1,1,0,1,1,0,1,2,1,1,0,0,0,1,0,2,2,0,0,1,0,0,0,0,0,0,2,0,1,1,0,1,1,0,0,0,0,2,2,1,1,2,0,1,0],"16":[1,2,2,0,0,0,0,0,0,0,2,2,2,2,2,2,2,2,2,2,2,1,0,2,1,1,1,0,1,2,2,2,0,0,2,0,0,0,0,0,0,0,0,0,0,2,0,0,2,1,2,0,1,2,0,0,0,1,1,2,1,2,2,1,2,2,1,1,2,0,2]},"Brighton & Hove Albion":{"3":[0,1,1,0,0,0,0,1,1,0,1,0,1,0,0,0,0,2,2,0,1,2,1,1,0,1,0,1,2,2,0,1,0,1,0,2,0,0,0,2,1,2,2,0,0,2,1,0,0,2,2,2,1,1,0,1,1,1,0,1,0,2,2,1,2,1,0,0,2,2,2],"4":[1,2,1,0,1,0,0,2,0,0,0,0,2,1,1,0,0,0,2,2,0,2,2,0,1,2,0,1,0,0,1,0,2,0,1,2,0,0,2,2,0,2,2,1,0,0,0,0,2,0,0,2,0,0,0,2,1,1,1,0,1,2,2,2,2,0,2,0,1,1,0],"5":[0,1,1,0,0,1,0,0,2,0,0,1,2,0,0,2,0,2,2,2,2,1,2,0,0,2,0,0,0,1,2,1,2,0,1,1,1,0,0,1,2,0,0,0,0,1,0,0,1,0,2,2,0,0,2,0,1,0,1,0,1,2,2,2,0,1,0,2,0,1,0],"6":[1,0,0,2,0,0,0,0,0,0,0,2,0,0,0,0,0,2,2,2,0,0,1,0,0,2,1,2,1,2,0,1,2,0,0,1,2,1,2,0,0,0,1,0,0,0,0,1,0,0,0,2,2,2,2,0,0,1,1,0,0,1,0,2,1,0,0,1,2,2,0],"7":[2,0,2,0,0,0,0,0,0,0,0,1,2,1,1,1,0,0,2,2,1,2,1,0,0,2,2,1,0,1,0,1,2,1,0,2,0,2,2,0,0,1,1,0,1,1,0,0,1,0,0,1,2,1,1,0,2,1,2,0,2,2,2,2,2,0,0,1,2,2,0],"8":[1,2,1,2,0,1,0,0,1,1,0,1,0,1,2,1,1,1,2,2,1,0,1,0,1,2,2,1,1,0,2,0,2,0,2,2,1,2,2,0,2,2,2,2,1,0,2,0,2,0,0,2,0,0,0,1,1,0,1,1,0,2,2,2,2,0,1,2,2,0,0],"9":[1,1,0,0,0,0,1,2,0,2,0,1,2,2,0,0,1,1,2,2,2,0,0,0,0,2,2,0,0,2,0,0,0,0,0,0,0,1,2,1,0,2,2,0,1,0,1,0,0,2,0,0,0,2,0,2,0,2,2,0,1,2,2,2,2,1,1,1,2,1,1],"10":[0,2,2,0,0,0,1,2,0,0,0,2,2,0,1,1,2,0,2,2,0,2,1,0,1,2,2,0,0,2,0,0,1,1,1,2,1,0,1,1,0,1,1,0,1,2,0,2,0,2,0,0,1,1,2,0,0,0,2,2,1,0,2,1,1,0,2,0,2,1,0],"11":[0,0,1,0,0,1,1,2,0,0,0,0,0,1,1,1,2,1,1,1,2,2,2,0,0,1,0,2,2,2,1,1,2,0,2,2,0,1,0,2,2,1,0,0,1,0,0,2,0,0,1,2,2,2,0,0,2,2,0,0,0,1,0,2,2,2,0,0,2,1,1],"12":[0,1,2,2,0,0,2,2,2,0,2,2,0,0,0,2,1,2,0,0,2,1,1,0,1,1,0,1,0,0,2,1,0,2,2,2,0,2,0,0,0,2,1,0,0,0,1,0,1,0,2,0,1,2,0,0,2,2,2,0,2,1,1,0,0,0,1,0,2,0,2],"13":[1,1,2,0,0,0,0,0,0,2,0,0,1,0,2,2,1,1,0,2,1,2,1,0,1,2,1,0,1,0,1,1,0,0,1,0,1,2,0,2,0,0,0,0,0,1,2,2,1,0,0,1,1,0,0,1,0,0,2,0,1,1,2,2,1,0,0,2,2,0,1],"14":[0,1,2,0,0,0,2,0,2,0,2,1,2,0,2,1,2,2,2,1,2,1,0,0,2,1,0,1,0,0,1,0,0,2,0,1,0,0,2,0,1,0,2,0,1,0,0,0,2,0,2,0,0,2,2,2,0,0,0,0,0,2,1,2,2,0,0,1,1,0,0],"15":[0,1,2,0,0,0,0,0,0,1,1,2,1,2,2,0,2,2,0,1,2,1,2,1,0,2,0,0,1,0,2,1,1,0,0,0,0,0,2,1,0,2,2,2,0,2,1,0,1,0,2,0,0,1,2,1,2,2,2,1,0,2,2,2,2,2,2,0,1,2,0],"16":[1,2,0,0,0,0,0,2,2,0,0,2,1,0,2,1,1,1,0,2,2,2,2,1,1,2,0,1,1,1,2,0,2,2,0,0,0,2,0,0,1,2,2,0,0,2,2,0,2,1,0,1,0,0,1,0,0,2,2,2,1,0,2,2,1,2,2,1,1,1,0],"17":[2,2,1,0,0,0,0,0,1,2,0,2,1,0,2,2,2,1,0,2,2,2,1,1,0,2,2,2,1,2,2,2,0,1,0,0,1,1,0,2,1,0,1,0,0,0,2,0,1,2,1,0,1,2,1,0,0,0,2,0,0,0,1,0,2,1,2,0,2,1,2]},"Burnley":{"14":[0,0,1,1,2,0,0,0,0,0,0,2,0,0,2,2,0,0,0,0,0,1,1,2,0,2,2,2,2,2,2,1,2,1,0,2,2,0,1,2,0,0,0,0,0,0,1,0,2,0,1,0,1,0,1,2,2,0,2,1,0,0,2,1,1,1,2,2,0,2,1],"15":[0,0,0,0,2,0,0,2,0,0,2,0,0,1,0,2,0,0,0,0,0,0,2,0,0,1,2,0,0,2,2,2,2,0,1,2,2,2,2,0,2,2,2,2,0,0,2,0,2,0,0,0,0,2,0,1,2,2,1,1,0,2,1,0,2,2,1,0,1,0,0],"16":[0,0,0,0,1,0,2,1,1,0,1,0,0,0,0,2,1,0,0,2,0,1,2,1,0,2,2,1,0,1,2,2,1,2,0,0,2,2,0,1,0,1,1,0,0,1,2,0,2,0,1,0,0,2,2,2,2,2,1,0,0,2,2,2,2,0,1,1,2,1,0],"17":[0,1,2,2,0,0,0,0,0,0,0,0,2,0,0,2,0,1,1,2,0,2,2,1,0,0,0,0,1,0,0,2,2,0,2,0,2,0,0,2,0,1,1,1,0,0,0,1,2,0,1,0,0,0,2,2,2,2,2,2,0,2,2,2,2,2,2,2,2,2,0],"18":[1,2,2,0,0,0,0,1,0,0,0,2,0,0,2,0,0,0,0,1,0,1,1,0,0,0,0,1,0,2,2,1,1,1,0,0,1,1,1,2,2,1,2,0,0,0,0,0,0,0,2,0,0,0,1,1,0,1,2,1,0,1,2,1,2,2,1,0,2,0,0],"19":[0,2,2,0,0,0,1,2,0,0,0,2,2,0,1,1,2,0,2,2,0,2,1,0,1,2,2,0,0,2,0,0,1,1,1,2,1,0,1,1,0,1,1,0,1,2,0,2,0,2,0,0,1,1,2,0,0,0,2,2,1,0,2,1,1,0,2,0,2,1,0],"20":[1,2,1,2,0,1,0,0,1,1,0,1,0,1,2,1,1,1,2,2,1,0,1,0,1,2,2,1,1,0,2,0,2,0,2,2,1,2,2,0,2,2,2,2,1,0,2,0,2,0,0,2,0,0,0,1,1,0,1,1,0,2,2,2,2,0,1,2,2,0,0]},"Chelsea":{"2":[0,1,2,0,0,0,1,2,0,0,2,0,0,2,2,2,0,0,0,1,0,0,0,0,0,2,0,0,0,1,0,1,1,1,2,0,1,1,0,2,0,2,2,2,1,0,0,1,2,2,2,2,0,0,0,1,2,2,2,0,0,1,2,2,2,2,0,0,2,0,0],"3":[1,2,2,0,0,0,1,0,0,0,1,0,0,2,2,0,2,2,2,2,1,1,0,0,0,2,0,2,2,1,2,2,2,0,0,1,1,0,1,2,2,2,0,0,1,0,0,1,1,0,1,1,0,2,1,1,1,2,0,0,0,0,0,0,1,0,0,1,2,2,0],"4":[1,1,0,0,0,0,1,2,0,2,0,1,2,2,0,0,1,1,2,2,2,0,0,0,0,2,2,0,0,2,0,0,0,0,0,0,0,1,2,1,0,2,2,0,1,0,1,0,0,2,0,0,0,2,0,2,0,2,2,0,1,2,2,2,2,1,1,1,2,1,1],"5":[2,2,2,0,0,0,0,1,0,0,2,0,1,2,2,1,0,2,2,1,1,2,0,1,0,0,0,2,1,1,2,1,2,2,0,0,1,0,2,0,1,1,2,2,1,0,2,0,0,0,0,0,1,0,1,1,2,1,0,1,2,2,0,0,1,2,2,0,0,1,0],"6":[1,2,1,2,0,1,0,0,1,1,0,1,0,1,2,1,1,1,2,2,1,0,1,0,1,2,2,1,1,0,2,0,2,0,2,2,1,2,2,0,2,2,2,2,1,0,2,0,2,0,0,2,0,0,0,1,1,0,1,1,0,2,2,2,2,0,1,2,2,0,0],"7":[0,2,2,0,0,0,1,2,0,0,0,2,2,0,1,1,2,0,2,2,0,2,1,0,1,2,2,0,0,2,0,0,1,1,1,2,1,0,1,1,0,1,1,0,1,2,0,2,0,2,0,0,1,1,2,0,0,0,2,2,1,0,2,1,1,0,2,0,2,1,0],"8":[0,1,2,0,0,0,1,0,1,2,0,1,0,0,0,2,0,0,0,2,2,0,2,1,0,2,2,0,2,0,1,1,1,1,1,0,0,0,1,0,1,0,2,0,1,1,1,0,0,2,1,0,0,2,1,1,0,1,2,0,0,2,2,1,1,0,1,1,0,0,0],"9":[0,2,2,0,0,0,1,2,1,0,0,1,0,0,0,0,1,2,2,2,1,2,1,2,0,2,0,0,1,0,1,0,1,2,2,0,1,2,0,2,2,0,2,0,1,0,2,1,2,0,1,2,0,0,0,0,2,0,1,1,2,2,2,2,1,2,1,0,0,1,0],"10":[2,0,0,0,0,0,0,0,0,2,0,1,1,0,0,2,0,2,2,2,2,1,1,1,2,2,0,2,0,1,2,0,2,2,2,2,1,1,0,0,1,1,0,2,0,0,0,1,1,1,0,2,1,2,0,2,0,1,2,1,1,0,1,0,2,2,0,2,1,1,1],"11":[0,0,2,0,0,1,0,0,0,1,0,1,0,0,1,1,0,1,2,2,0,1,1,2,2,0,1,2,2,1,0,1,2,1,0,1,0,2,1,2,1,0,0,0,0,0,2,0,0,0,1,0,0,2,0,0,0,0,0,2,0,2,2,2,1,2,2,0,0,2,0],"12":[1,0,1,2,0,2,0,0,0,0,0,2,1,0,0,2,0,2,1,2,0,2,1,2,0,2,2,2,2,1,2,0,2,1,2,2,2,2,0,0,0,2,1,2,0,1,0,0,0,0,0,0,0,1,1,2,2,1,2,0,0,1,0,1,2,2,0,1,2,1,2],"13":[2,0,2,2,0,2,0,1,0,0,0,0,2,0,1,2,2,1,1,2,2,1,1,1,1,0,1,0,1,1,0,2,2,0,0,2,0,0,2,0,2,0,1,0,0,0,2,0,0,2,2,2,0,1,2,1,1,0,2,0,1,2,0,0,2,2,0,0,2,1,0],"14":[0,0,1,0,1,0,0,2,0,0,2,1,1,2,0,2,0,2,2,2,0,2,2,1,2,0,1,0,0,0,2,2,1,0,1,0,0,0,2,1,0,1,2,0,0,1,0,1,0,0,0,0,0,2,2,0,2,0,2,2,1,1,1,2,1,2,1,0,2,2,0],"15":[1,1,0,0,0,0,0,0,2,2,2,1,0,0,0,0,0,0,2,2,1,2,2,2,2,1,0,0,1,2,2,1,1,0,2,2,0,0,0,0,2,1,2,1,2,0,1,2,0,0,1,1,0,1,1,2,1,1,0,1,0,2,2,2,2,1,2,2,1,2,0]},"Crystal Palace":{"4":[2,2,2,0,0,0,0,2,2,2,2,0,2,0,0,0,2,2,2,2,0,0,2,0,0,2,0,0,0,1,0,0,2,1,0,2,2,2,1,1,2,0,1,0,0,2,0,0,0,1,0,0,0,1,0,0,0,1,2,2,1,1,1,0,1,1,0,0,1,2,0],"5":[2,2,0,0,1,0,2,1,1,0,1,0,1,0,0,2,2,1,2,0,1,2,0,1,1,1,0,0,0,0,2,0,0,2,0,0,2,2,2,0,2,0,2,1,0,1,0,2,0,2,0,2,1,0,2,0,0,1,2,2,1,2,1,2,2,0,1,1,2,1,0],"6":[2,0,1,1,0,1,0,0,0,0,2,0,2,0,1,1,0,2,2,2,1,1,2,0,0,0,0,0,1,1,0,0,1,2,2,0,1,2,0,2,2,1,0,0,0,0,0,0,0,0,2,2,2,0,1,0,2,0,2,1,0,2,2,0,2,0,2,2,0,0,2],"7":[2,0,1,0,0,0,0,0,1,0,1,1,0,1,1,0,1,2,1,2,2,1,2,0,0,2,1,0,0,1,2,0,0,0,1,0,0,2,1,2,2,0,2,0,2,2,2,1,0,0,2,2,0,1,2,0,2,0,2,1,0,1,2,1,2,0,0,0,1,0,2],"8":[2,2,1,0,1,0,2,2,0,0,2,2,1,0,2,0,1,1,2,1,1,0,2,0,2,1,1,0,0,1,1,1,2,2,0,0,0,1,1,2,2,1,0,1,0,0,0,1,2,1,0,0,1,0,2,0,2,2,0,0,2,2,2,1,2,2,2,2,0,2,2],"9":[2,0,0,0,0,0,0,1,2,0,2,0,1,2,2,1,2,0,2,2,0,1,0,1,1,2,0,0,1,0,2,1,2,0,1,0,1,0,0,1,1,0,2,1,0,0,0,2,2,0,0,0,2,2,2,2,2,1,2,2,0,2,2,2,2,0,2,2,0,2,0],"10":[2,2,0,0,2,0,0,0,0,1,2,1,1,0,2,2,0,2,2,1,2,2,1,2,0,1,2,0,1,0,2,1,1,2,1,2,0,2,0,0,1,0,2,0,1,0,1,2,2,2,2,0,2,0,0,2,1,0,2,1,1,0,0,2,2,0,0,1,1,1,1],"11":[2,2,2,1,0,2,0,2,0,2,0,0,0,2,1,1,0,2,0,1,1,1,1,0,2,1,0,1,0,1,2,1,2,0,1,1,2,0,0,2,1,0,1,2,0,0,2,1,2,1,2,2,1,0,2,1,2,2,2,0,1,2,1,0,2,1,1,1,1,2,1],"12":[2,0,0,0,0,0,0,0,0,2,0,1,1,0,0,2,0,2,2,2,2,1,1,1,2,2,0,2,0,1,2,0,2,2,2,2,1,1,0,0,1,1,0,2,0,0,0,1,1,1,0,2,1,2,0,2,0,1,2,1,1,0,1,0,2,2,0,2,1,1,1],"13":[0,1,2,2,0,0,2,2,2,0,2,2,0,0,0,2,1,2,0,0,2,1,1,0,1,1,0,1,0,0,2,1,0,2,2,2,0,2,0,0,0,2,1,0,0,0,1,0,1,0,2,0,1,2,0,0,2,2,2,0,2,1,1,0,0,0,1,0,2,0,2],"14":[1,2,1,2,0,1,0,0,1,1,0,1,0,1,2,1,1,1,2,2,1,0,1,0,1,2,2,1,1,0,2,0,2,0,2,2,1,2,2,0,2,2,2,2,1,0,2,0,2,0,0,2,0,0,0,1,1,0,1,1,0,2,2,2,2,0,1,2,2,0,0],"15":[0,1,2,0,0,0,1,0,1,2,0,1,0,0,0,2,0,0,0,2,2,0,2,1,0,2,2,0,2,0,1,1,1,1,1,0,0,0,1,0,1,0,2,0,1,1,1,0,0,2,1,0,0,2,1,1,0,1,2,0,0,2,2,1,1,0,1,1,0,0,0],"16":[1,0,1,0,0,1,1,0,0,0,0,0,0,0,2,0,0,2,0,2,2,2,1,2,0,2,2,1,1,0,2,0,0,2,1,1,0,1,0,2,1,1,2,0,2,0,1,2,1,0,0,0,0,0,0,0,1,1,2,0,0,2,1,2,2,2,0,0,2,0,0],"17":[0,2,2,0,0,0,0,0,1,0,1,2,0,2,1,2,0,1,2,2,2,1,0,0,2,2,2,1,2,2,2,0,2,0,2,0,2,0,1,1,1,2,1,0,0,0,0,0,1,2,1,1,2,0,0,0,0,2,0,0,0,2,2,2,2,0,1,1,1,2,1],"18":[0,0,1,0,0,0,0,0,2,1,0,0,2,1,0,0,0,1,0,2,0,0,2,2,1,1,2,2,2,0,1,0,2,2,2,0,0,1,2,0,0,2,1,1,0,0,0,0,0,2,0,2,0,1,0,0,0,2,2,2,0,0,2,0,0,0,2,0,1,2,2]},"Everton":{"2":[2,0,0,1,0,0,0,0,1,2,0,2,0,0,2,0,1,1,2,1,1,1,1,2,0,0,2,1,0,0,0,0,2,0,0,2,1,1,0,0,1,1,2,2,1,0,1,2,2,1,0,1,0,2,2,0,2,0,2,1,1,0,2,2,2,2,0,1,2,0,0],"3":[1,0,0,0,0,1,0,2,2,1,0,2,1,1,0,1,1,1,2,2,0,2,2,0,0,2,2,2,2,0,2,0,0,0,2,1,0,0,2,2,0,2,2,0,0,1,2,2,2,2,1,1,1,1,2,2,1,1,0,1,0,2,2,2,2,1,2,0,1,0,1],"4":[0,0,0,0,0,0,0,2,1,0,0,1,0,0,1,2,0,2,1,2,0,0,0,0,2,2,2,2,2,1,0,0,2,2,0,1,0,1,2,0,1,1,1,0,0,0,0,2,2,2,2,0,0,2,1,0,2,0,0,0,2,2,2,2,2,2,0,0,1,1,0],"5":[0,2,1,0,2,0,0,0,0,0,0,2,1,0,0,2,2,2,2,0,0,2,0,2,0,2,2,0,0,1,1,0,0,2,1,2,0,2,0,0,1,0,1,0,2,1,0,0,2,2,1,0,0,0,2,0,1,1,1,2,0,1,2,2,1,2,1,2,2,1,2],"6":[0,2,2,0,0,0,1,2,0,0,0,2,2,0,1,1,2,0,2,2,0,2,1,0,1,2,2,0,0,2,0,0,1,1,1,2,1,0,1,1,0,1,1,0,1,2,0,2,0,2,0,0,1,1,2,0,0,0,2,2,1,0,2,1,1,0,2,0,2,1,0],"7":[1,2,1,2,0,1,0,0,1,1,0,1,0,1,2,1,1,1,2,2,1,0,1,0,1,2,2,1,1,0,2,0,2,0,2,2,1,2,2,0,2,2,2,2,1,0,2,0,2,0,0,2,0,0,0,1,1,0,1,1,0,2,2,2,2,0,1,2,2,0,0],"8":[1,1,2,0,0,0,0,0,0,2,0,0,1,0,2,2,1,1,0,2,1,2,1,0,1,2,1,0,1,0,1,1,0,0,1,0,1,2,0,2,0,0,0,0,0,1,2,2,1,0,0,1,1,0,0,1,0,0,2,0,1,1,2,2,1,0,0,2,2,0,1],"9":[0,1,2,2,0,0,2,2,2,0,2,2,0,0,0,2,1,2,0,0,2,1,1,0,1,1,0,1,0,0,2,1,0,2,2,2,0,2,0,0,0,2,1,0,0,0,1,0,1,0,2,0,1,2,0,0,2,2,2,0,2,1,1,0,0,0,1,0,2,0,2],"10":[2,0,0,0,0,0,0,1,2,0,2,0,1,2,2,1,2,0,2,2,0,1,0,1,1,2,0,0,1,0,2,1,2,0,1,0,1,0,0,1,1,0,2,1,0,0,0,2,2,0,0,0,2,2,2,2,2,1,2,2,0,2,2,2,2,0,2,2,0,2,0],"11":[1,0,0,2,0,0,0,0,0,0,0,2,0,0,0,0,0,2,2,2,0,0,1,0,0,2,1,2,1,2,0,1,2,0,0,1,2,1,2,0,0,0,1,0,0,0,0,1,0,0,0,2,2,2,2,0,0,1,1,0,0,1,0,2,1,0,0,1,2,2,0],"12":[1,2,1,0,0,1,0,1,2,1,1,0,1,2,1,2,0,2,2,2,2,2,1,0,0,2,0,0,2,2,2,2,0,1,2,0,2,0,1,2,0,0,0,1,0,0,1,0,0,1,1,2,0,0,0,1,2,2,0,1,0,2,2,1,2,2,1,0,2,1,0],"13":[0,0,1,0,0,1,1,2,0,0,0,0,0,1,1,1,2,1,1,1,2,2,2,0,0,1,0,2,2,2,1,1,2,0,2,2,0,1,0,2,2,1,0,0,1,0,0,2,0,0,1,2,2,2,0,0,2,2,0,0,0,1,0,2,2,2,0,0,2,1,1],"14":[0,1,1,2,0,0,1,0,0,0,1,0,0,2,0,2,0,2,1,2,2,2,2,0,0,1,0,1,0,2,2,2,2,2,0,0,0,1,0,2,1,2,2,0,1,0,2,0,2,0,1,0,2,0,0,0,2,1,2,2,0,2,1,0,2,0,2,1,0,0,0],"15":[0,1,2,0,0,0,0,0,0,0,2,0,2,0,0,1,0,2,2,2,0,0,0,0,0,2,0,1,2,2,2,2,2,0,2,0,0,2,0,2,0,1,1,0,2,2,0,0,0,0,2,2,0,0,0,1,2,1,0,0,0,2,0,2,2,0,2,2,2,0,1],"16":[1,0,1,1,0,0,0,1,2,0,2,0,0,2,2,2,1,2,0,2,2,2,2,2,0,2,0,0,0,2,2,2,0,2,0,2,0,0,1,2,0,1,2,0,0,1,1,2,0,2,1,2,0,1,0,0,2,2,2,2,0,2,0,2,2,0,2,1,1,0,1]},"Fulham":{"3":[2,2,0,1,1,1,0,1,0,1,0,0,2,0,2,1,0,0,2,2,1,2,0,0,0,1,1,2,0,0,1,0,0,0,0,2,0,1,1,0,1,2,2,1,1,1,1,1,1,0,2,0,0,2,1,2,2,1,0,1,0,2,2,1,2,1,2,1,2,1,1],"4":[2,1,1,0,0,0,0,2,0,1,0,0,2,0,0,2,0,1,2,2,1,2,1,2,1,0,0,1,2,2,2,0,0,0,0,2,0,2,2,2,0,2,0,0,1,2,0,0,1,0,2,0,1,0,1,0,0,0,1,2,1,2,0,1,2,2,2,1,2,2,2],"5":[1,1,0,0,0,0,1,2,0,2,0,1,2,2,0,0,1,1,2,2,2,0,0,0,0,2,2,0,0,2,0,0,0,0,0,0,0,1,2,1,0,2,2,0,1,0,1,0,0,2,0,0,0,2,0,2,0,2,2,0,1,2,2,2,2,1,1,1,2,1,1],"6":[2,0,2,2,0,2,0,1,0,0,0,0,2,0,1,2,2,1,1,2,2,1,1,1,1,0,1,0,1,1,0,2,2,0,0,2,0,0,2,0,2,0,1,0,0,0,2,0,0,2,2,2,0,1,2,1,1,0,2,0,1,2,0,0,2,2,0,0,2,1,0],"7":[2,0,0,0,0,0,0,1,0,1,1,1,1,0,0,0,2,2,2,2,0,0,0,1,0,2,1,2,0,0,1,1,0,0,0,1,0,1,2,2,1,0,0,2,2,1,2,0,2,1,1,2,0,0,2,1,2,0,1,0,1,0,2,1,2,1,1,0,2,0,2],"8":[1,0,1,2,0,2,0,0,0,0,0,2,1,0,0,2,0,2,1,2,0,2,1,2,0,2,2,2,2,1,2,0,2,1,2,2,2,2,0,0,0,2,1,2,0,1,0,0,0,0,0,0,0,1,1,2,2,1,2,0,0,1,0,1,2,2,0,1,2,1,2],"9":[0,2,2,0,0,0,1,2,0,0,0,2,2,0,1,1,2,0,2,2,0,2,1,0,1,2,2,0,0,2,0,0,1,1,1,2,1,0,1,1,0,1,1,0,1,2,0,2,0,2,0,0,1,1,2,0,0,0,2,2,1,0,2,1,1,0,2,0,2,1,0],"10":[1,2,1,2,0,1,0,0,1,1,0,1,0,1,2,1,1,1,2,2,1,0,1,0,1,2,2,1,1,0,2,0,2,0,2,2,1,2,2,0,2,2,2,2,1,0,2,0,2,0,0,2,0,0,0,1,1,0,1,1,0,2,2,2,2,0,1,2,2,0,0],"11":[0,1,2,2,0,0,2,2,2,0,2,2,0,0,0,2,1,2,0,0,2,1,1,0,1,1,0,1,0,0,2,1,0,2,2,2,0,2,0,0,0,2,1,0,0,0,1,0,1,0,2,0,1,2,0,0,2,2,2,0,2,1,1,0,0,0,1,0,2,0,2],"12":[1,0,0,2,0,0,0,0,0,0,0,2,0,0,0,0,0,2,2,2,0,0,1,0,0,2,1,2,1,2,0,1,2,0,0,1,2,1,2,0,0,0,1,0,0,0,0,1,0,0,0,2,2,2,2,0,0,1,1,0,0,1,0,2,1,0,0,1,2,2,0],"13":[0,1,2,0,0,0,1,0,1,2,0,1,0,0,0,2,0,0,0,2,2,0,2,1,0,2,2,0,2,0,1,1,1,1,1,0,0,0,1,0,1,0,2,0,1,1,1,0,0,2,1,0,0,2,1,1,0,1,2,0,0,2,2,1,1,0,1,1,0,0,0],"14":[2,0,0,0,0,0,0,0,0,2,0,1,1,0,0,2,0,2,2,2,2,1,1,1,2,2,0,2,0,1,2,0,2,2,2,2,1,1,0,0,1,1,0,2,0,0,0,1,1,1,0,2,1,2,0,2,0,1,2,1,1,0,1,0,2,2,0,2,1,1,1],"15":[1,0,1,1,0,0,2,0,2,1,1,2,0,2,2,2,2,2,2,2,0,1,1,2,0,2,0,2,0,1,2,2,1,2,2,1,0,1,0,1,0,0,0,0,1,1,0,0,0,2,2,1,1,1,2,0,0,0,1,2,0,2,2,1,2,1,2,0,1,2,1],"16":[0,0,2,2,0,0,0,2,0,0,2,2,0,0,2,2,0,2,2,2,1,0,2,0,1,2,1,0,2,2,2,0,1,2,2,0,0,2,2,1,1,0,0,0,2,0,0,1,1,0,0,0,1,0,0,0,0,2,1,1,2,1,2,2,2,2,2,0,0,1,0],"17":[0,2,2,0,0,0,1,0,1,0,2,0,0,0,2,0,1,1,2,2,1,1,1,2,2,1,1,0,2,2,2,2,2,1,2,1,0,0,2,0,2,0,0,1,0,1,2,1,0,0,0,0,2,0,0,1,0,1,0,1,2,0,0,0,1,0,2,1,0,1,1]},"Leeds United":{"6":[1,2,0,0,0,0,0,2,1,1,1,2,2,1,1,0,1,1,0,1,2,2,2,2,0,2,1,0,1,2,2,1,1,2,2,0,0,0,1,0,2,1,2,0,0,0,2,2,1,1,0,0,0,0,0,0,0,1,2,1,1,1,0,2,2,1,2,1,2,0,0],"7":[0,2,0,0,0,1,1,0,1,0,0,0,1,0,1,2,0,2,2,2,1,2,0,0,0,2,1,1,2,1,2,2,1,1,0,0,0,0,2,1,1,1,2,0,0,0,1,2,0,1,2,0,1,1,2,1,1,2,2,1,0,1,1,2,2,1,2,2,1,2,0],"8":[0,2,2,0,0,0,0,1,0,0,1,1,1,1,2,1,0,2,2,2,1,2,1,1,1,1,0,1,2,0,2,2,1,2,2,0,0,0,1,2,0,0,1,2,2,1,1,2,1,0,2,0,2,1,1,0,0,2,2,2,0,1,1,2,0,1,2,2,0,0,1],"9":[1,2,2,0,0,1,1,0,2,1,2,0,0,0,1,2,0,1,2,2,2,2,0,0,2,2,0,0,1,1,2,1,1,0,0,0,0,0,0,1,2,0,0,1,0,0,0,2,2,1,0,1,2,2,0,1,0,0,0,2,0,2,1,2,1,1,2,0,1,2,0],"10":[2,1,2,0,0,0,0,2,0,0,2,0,1,0,0,2,0,2,0,2,2,2,2,0,1,1,2,2,0,0,0,1,0,2,0,0,0,0,0,1,1,0,0,1,0,0,2,2,0,1,0,1,0,1,2,1,0,2,1,0,1,0,2,2,2,2,2,2,1,0,0],"11":[0,1,2,0,1,0,0,2,2,0,0,0,1,0,1,2,2,2,0,2,2,2,0,2,1,2,1,1,2,1,1,2,0,2,0,0,0,1,1,2,0,0,2,0,2,0,1,2,1,0,1,1,0,1,2,1,0,1,0,2,1,1,0,1,2,1,2,1,0,0,0],"12":[2,1,2,0,0,0,1,1,0,0,0,2,1,0,2,2,0,0,2,0,2,1,2,0,0,2,2,1,0,1,2,0,0,1,2,0,0,0,1,2,0,1,0,0,0,0,2,2,0,1,2,1,2,0,0,0,1,1,1,0,2,1,0,2,2,2,0,0,2,1,0],"13":[2,2,0,1,1,0,2,0,1,0,0,0,1,1,1,2,0,2,1,2,2,2,2,0,1,2,1,2,1,2,1,0,2,2,2,0,0,1,0,1,0,0,1,1,0,0,0,0,1,0,2,0,1,2,0,0,0,1,1,0,0,1,1,2,0,1,1,2,1,0,1],"14":[0,2,2,0,0,0,1,2,0,0,0,2,2,0,1,1,2,0,2,2,0,2,1,0,1,2,2,0,0,2,0,0,1,1,1,2,1,0,1,1,0,1,1,0,1,2,0,2,0,2,0,0,1,1,2,0,0,0,2,2,1,0,2,1,1,0,2,0,2,1,0],"15":[1,2,1,2,0,1,0,0,1,1,0,1,0,1,2,1,1,1,2,2,1,0,1,0,1,2,2,1,1,0,2,0,2,0,2,2,1,2,2,0,2,2,2,2,1,0,2,0,2,0,0,2,0,0,0,1,1,0,1,1,0,2,2,2,2,0,1,2,2,0,0],"16":[1,0,0,2,0,0,0,0,0,0,0,2,0,0,0,0,0,2,2,2,0,0,1,0,0,2,1,2,1,2,0,1,2,0,0,1,2,1,2,0,0,0,1,0,0,0,0,1,0,0,0,2,2,2,2,0,0,1,1,0,0,1,0,2,1,0,0,1,2,2,0],"17":[2,0,0,0,0,0,0,0,0,2,0,1,1,0,0,2,0,2,2,2,2,1,1,1,2,2,0,2,0,1,2,0,2,2,2,2,1,1,0,0,1,1,0,2,0,0,0,1,1,1,0,2,1,2,0,2,0,1,2,1,1,0,1,0,2,2,0,2,1,1,1],"18":[0,1,2,2,0,0,2,2,2,0,2,2,0,0,0,2,1,2,0,0,2,1,1,0,1,1,0,1,0,0,2,1,0,2,2,2,0,2,0,0,0,2,1,0,0,0,1,0,1,0,2,0,1,2,0,0,2,2,2,0,2,1,1,0,0,0,1,0,2,0,2],"19":[1,0,1,0,2,0,1,0,0,0,0,0,1,1,2,0,2,0,2,0,0,1,0,0,2,2,2,0,2,1,1,1,0,1,2,1,2,1,1,1,0,0,0,0,1,0,0,0,1,0,2,2,0,2,2,0,2,0,2,1,1,1,2,0,1,0,0,0,0,1,0]},"Liverpool":{"2":[0,1,1,0,0,0,0,2,0,1,0,1,0,1,0,2,0,1,2,0,0,2,0,0,1,2,2,2,0,2,0,0,2,1,2,0,1,0,0,0,0,0,1,2,1,2,0,1,2,0,0,0,0,1,1,0,2,2,2,0,0,2,1,0,2,2,1,2,2,1,1],"3":[1,0,2,1,1,0,0,2,0,0,2,1,2,1,2,0,2,2,2,2,0,2,1,0,0,2,2,0,0,1,1,1,1,0,1,1,1,2,2,0,0,0,0,0,0,0,2,1,2,0,1,1,0,0,1,1,1,0,2,1,2,2,2,2,1,1,1,2,0,2,0],"4":[0,2,2,0,0,0,1,2,1,0,0,1,0,0,0,0,1,2,2,2,1,2,1,2,0,2,0,0,1,0,1,0,1,2,2,0,1,2,0,2,2,0,2,0,1,0,2,1,2,0,1,2,0,0,0,0,2,0,1,1,2,2,2,2,1,2,1,0,0,1,0],"5":[0,1,2,2,0,0,2,2,2,0,2,2,0,0,0,2,1,2,0,0,2,1,1,0,1,1,0,1,0,0,2,1,0,2,2,2,0,2,0,0,0,2,1,0,0,0,1,0,1,0,2,0,1,2,0,0,2,2,2,0,2,1,1,0,0,0,1,0,2,0,2],"6":[1,2,1,0,0,1,0,1,2,1,1,0,1,2,1,2,0,2,2,2,2,2,1,0,0,2,0,0,2,2,2,2,0,1,2,0,2,0,1,2,0,0,0,1,0,0,1,0,0,1,1,2,0,0,0,1,2,2,0,1,0,2,2,1,2,2,1,0,2,1,0],"7":[1,1,0,0,0,0,1,2,0,2,0,1,2,2,0,0,1,1,2,2,2,0,0,0,0,2,2,0,0,2,0,0,0,0,0,0,0,1,2,1,0,2,2,0,1,0,1,0,0,2,0,0,0,2,0,2,0,2,2,0,1,2,2,2,2,1,1,1,2,1,1],"8":[2,1,2,0,0,0,1,1,0,0,0,2,1,0,2,2,0,0,2,0,2,1,2,0,0,2,2,1,0,1,2,0,0,1,2,0,0,0,1,2,0,1,0,0,0,0,2,2,0,1,2,1,2,0,0,0,1,1,1,0,2,1,0,2,2,2,0,0,2,1,0],"9":[1,2,1,2,0,1,0,0,1,1,0,1,0,1,2,1,1,1,2,2,1,0,1,0,1,2,2,1,1,0,2,0,2,0,2,2,1,2,2,0,2,2,2,2,1,0,2,0,2,0,0,2,0,0,0,1,1,0,1,1,0,2,2,2,2,0,1,2,2,0,0],"10":[1,0,0,0,1,0,0,2,2,0,2,2,0,0,2,2,2,1,2,0,2,2,0,0,0,2,2,1,2,1,0,1,2,0,2,2,0,0,2,2,2,1,0,1,0,1,0,0,0,0,2,2,0,2,2,0,1,0,1,0,1,1,2,1,2,0,0,0,1,2,0],"11":[1,1,2,2,0,0,0,0,1,0,0,1,1,1,2,2,0,2,0,1,1,0,0,1,0,1,0,0,2,0,0,0,2,0,1,0,0,0,2,2,2,1,2,2,2,1,1,0,0,0,1,0,1,1,0,0,2,2,2,1,1,2,2,1,2,2,2,2,0,1,0],"12":[1,2,0,0,0,1,2,0,2,0,0,0,0,0,0,1,0,2,0,2,0,2,1,0,0,2,0,2,2,0,0,2,1,0,2,2,0,0,0,2,2,2,0,0,0,1,0,0,0,1,0,2,1,0,0,0,0,0,0,0,0,2,2,1,2,2,2,1,2,2,0],"13":[1,0,2,0,0,0,2,0,0,2,2,1,1,0,2,0,2,2,2,2,2,2,2,0,0,1,1,0,0,0,1,2,0,2,0,2,0,2,2,2,1,1,2,0,2,0,0,2,0,0,2,2,1,2,0,0,2,1,1,2,1,0,2,2,2,1,0,0,0,2,0],"14":[1,0,0,1,2,0,0,0,1,0,2,0,2,1,0,0,1,1,0,1,2,0,0,1,0,2,0,0,0,0,2,0,0,2,0,2,0,0,1,2,1,2,1,0,1,0,0,0,0,1,2,0,0,0,0,0,2,2,2,1,0,2,1,2,2,0,2,1,2,2,0],"15":[2,0,0,0,0,1,0,0,1,0,1,0,2,0,1,1,0,0,1,2,1,1,0,0,1,0,0,0,0,0,2,2,1,0,0,0,0,0,2,2,2,2,2,2,2,0,1,1,0,0,0,1,0,0,2,1,2,1,2,0,0,2,0,2,2,2,2,1,0,0,0]},"Manchester City":{"1":[0,1,2,2,0,0,2,2,2,0,2,2,0,0,0,2,1,2,0,0,2,1,1,0,1,1,0,1,0,0,2,1,0,2,2,2,0,2,0,0,0,2,1,0,0,0,1,0,1,0,2,0,1,2,0,0,2,2,2,0,2,1,1,0,0,0,1,0,2,0,2],"2":[1,2,1,2,0,1,0,0,1,1,0,1,0,1,2,1,1,1,2,2,1,0,1,0,1,2,2,1,1,0,2,0,2,0,2,2,1,2,2,0,2,2,2,2,1,0,2,0,2,0,0,2,0,0,0,1,1,0,1,1,0,2,2,2,2,0,1,2,2,0,0],"3":[2,0,2,2,0,0,0,1,0,0,1,2,0,0,0,0,0,2,1,2,1,0,2,0,0,0,1,2,2,2,0,0,2,2,2,2,0,0,1,0,1,0,1,1,1,0,0,0,0,0,1,0,2,2,0,0,0,1,2,0,0,0,2,0,2,0,0,2,2,2,0],"4":[0,1,0,1,0,2,0,0,2,0,0,2,2,2,2,0,0,2,2,2,0,2,2,2,0,2,1,1,1,1,1,0,2,0,0,1,0,0,0,0,0,2,1,2,2,2,0,0,0,0,2,0,0,2,2,0,1,1,2,2,2,2,2,1,2,0,2,2,1,0,0],"5":[1,1,2,2,0,0,0,0,1,0,0,1,1,1,2,2,0,2,0,1,1,0,0,1,0,1,0,0,2,0,0,0,2,0,1,0,0,0,2,2,2,1,2,2,2,1,1,0,0,0,1,0,1,1,0,0,2,2,2,1,1,2,2,1,2,2,2,2,0,1,0],"6":[2,0,0,0,0,0,2,0,0,0,0,0,1,0,2,0,0,1,2,0,2,0,0,0,1,0,0,2,1,2,0,1,2,0,1,2,0,0,2,2,2,0,2,1,2,2,1,1,2,0,1,1,0,0,1,0,2,1,2,0,0,1,2,2,2,1,0,1,0,2,1],"7":[0,0,0,0,0,0,0,0,0,0,0,0,0,0,0,2,0,2,2,0,2,0,2,0,0,2,2,2,0,0,0,0,0,2,0,2,0,0,0,0,0,0,2,2,2,2,0,0,0,0,0,0,0,2,2,0,2,2,2,0,0,2,2,2,2,2,2,0,2,2,0],"8":[2,1,0,0,0,1,0,0,0,0,0,0,0,0,0,0,0,2,2,0,1,0,0,0,0,1,2,1,1,0,0,0,2,1,0,2,2,0,2,1,0,0,2,2,2,2,0,0,0,2,2,1,1,2,1,0,0,2,2,1,2,2,2,1,2,2,0,0,2,0,2]},"Manchester United":{"1":[0,0,0,2,0,1,2,0,0,0,0,2,0,1,1,2,1,2,1,0,2,0,2,0,0,0,0,2,0,0,2,1,0,1,2,1,0,0,2,1,2,0,0,1,0,0,0,0,0,0,2,0,1,2,2,0,1,2,2,0,0,2,1,2,1,0,1,0,0,1,1],"2":[2,0,2,2,0,0,0,1,0,0,1,2,0,0,0,0,0,2,1,2,1,0,2,0,0,0,1,2,2,2,0,0,2,2,2,2,0,0,1,0,1,0,1,1,1,0,0,0,0,0,1,0,2,2,0,0,0,1,2,0,0,0,2,0,2,0,0,2,2,2,0],"3":[1,2,1,2,0,1,0,0,1,1,0,1,0,1,2,1,1,1,2,2,1,0,1,0,1,2,2,1,1,0,2,0,2,0,2,2,1,2,2,0,2,2,2,2,1,0,2,0,2,0,0,2,0,0,0,1,1,0,1,1,0,2,2,2,2,0,1,2,2,0,0],"4":[1,0,0,2,0,0,0,0,0,0,0,2,0,0,0,0,0,2,2,2,0,0,1,0,0,2,1,2,1,2,0,1,2,0,0,1,2,1,2,0,0,0,1,0,0,0,0,1,0,0,0,2,2,2,2,0,0,1,1,0,0,1,0,2,1,0,0,1,2,2,0],"5":[0,2,2,0,0,0,1,2,1,0,0,1,0,0,0,0,1,2,2,2,1,2,1,2,0,2,0,0,1,0,1,0,1,2,2,0,1,2,0,2,2,0,2,0,1,0,2,1,2,0,1,2,0,0,0,0,2,0,1,1,2,2,2,2,1,2,1,0,0,1,0],"6":[2,0,0,0,0,0,0,1,0,1,1,1,1,0,0,0,2,2,2,2,0,0,0,1,0,2,1,2,0,0,1,1,0,0,0,1,0,1,2,2,1,0,0,2,2,1,2,0,2,1,1,2,0,0,2,1,2,0,1,0,1,0,2,1,2,1,1,0,2,0,2],"7":[1,1,1,1,0,0,0,2,1,1,0,0,0,0,2,0,1,2,0,2,0,0,0,1,0,1,2,1,0,2,2,0,2,1,1,2,0,1,0,2,0,0,0,0,0,2,2,0,2,2,1,2,1,0,2,0,2,2,0,0,0,2,1,2,2,2,2,0,1,2,2],"8":[0,0,0,1,1,0,0,0,0,0,0,0,0,1,0,1,1,2,2,2,0,0,0,0,1,2,0,0,2,0,1,2,0,1,2,1,2,1,2,0,0,0,0,2,2,1,2,2,1,1,0,2,0,0,0,0,1,0,0,0,0,1,2,0,2,2,2,0,1,2,1],"9":[2,0,1,0,0,1,1,0,0,0,0,1,2,0,0,1,2,2,2,2,2,0,0,2,0,2,2,2,0,1,0,1,1,2,0,1,1,0,2,1,0,0,0,1,1,2,2,2,1,2,1,0,1,2,2,0,0,0,0,0,0,2,2,0,1,2,1,0,2,1,1],"10":[0,1,1,2,0,0,0,1,1,1,1,2,0,0,0,0,2,2,2,2,1,1,0,0,0,2,1,0,0,1,0,1,0,0,2,2,1,1,2,2,1,2,2,0,0,0,2,2,2,2,1,0,0,0,0,0,0,1,0,0,1,2,2,0,1,2,0,0,2,2,1],"11":[2,2,1,1,0,2,0,0,0,0,0,2,0,0,0,0,1,2,2,2,2,1,0,0,0,1,2,2,0,1,2,0,2,0,1,2,1,1,0,0,2,2,0,0,0,0,2,2,2,2,2,0,0,1,0,1,0,1,0,0,0,1,2,2,0,1,2,0,2,2,2],"12":[0,0,1,0,0,0,2,0,2,0,0,2,1,2,0,0,0,1,2,2,1,2,0,0,0,2,2,2,0,1,1,2,2,0,2,2,2,2,1,1,1,0,2,1,1,1,2,2,2,2,1,1,0,2,0,0,0,2,0,1,1,2,2,1,0,1,0,2,0,2,0]},"Newcastle United":{"3":[1,0,2,0,0,0,2,0,1,1,1,1,0,0,0,1,1,1,1,2,1,1,1,2,0,2,0,2,1,0,1,0,0,1,2,0,0,0,2,0,1,1,1,0,1,1,1,2,2,1,1,0,0,1,0,0,2,1,0,0,0,2,2,0,0,0,2,0,1,0,2],"4":[0,0,0,0,2,1,2,1,2,1,1,1,0,0,0,0,0,1,1,1,0,1,2,0,1,2,1,1,0,0,2,1,2,0,2,2,1,2,1,1,2,2,0,1,0,0,2,1,1,2,0,0,0,0,1,0,2,2,2,1,1,2,2,2,2,2,0,0,2,2,1],"5":[1,0,1,2,0,2,0,0,0,0,0,2,1,0,0,2,0,2,1,2,0,2,1,2,0,2,2,2,2,1,2,0,2,1,2,2,2,2,0,0,0,2,1,2,0,1,0,0,0,0,0,0,0,1,1,2,2,1,2,0,0,1,0,1,2,2,0,1,2,1,2],"6":[0,1,2,2,0,2,0,1,1,0,0,1,0,0,1,0,1,2,2,2,0,2,2,1,0,0,1,2,1,1,2,0,2,0,2,1,0,0,0,1,0,2,0,0,2,0,2,0,0,0,0,0,1,1,1,0,2,2,2,2,0,2,1,2,1,1,2,2,2,1,0],"7":[0,1,2,2,0,0,2,2,2,0,2,2,0,0,0,2,1,2,0,0,2,1,1,0,1,1,0,1,0,0,2,1,0,2,2,2,0,2,0,0,0,2,1,0,0,0,1,0,1,0,2,0,1,2,0,0,2,2,2,0,2,1,1,0,0,0,1,0,2,0,2],"8":[1,0,1,0,0,1,1,0,0,0,0,0,0,0,2,0,0,2,0,2,2,2,1,2,0,2,2,1,1,0,2,0,0,2,1,1,0,1,0,2,1,1,2,0,2,0,1,2,1,0,0,0,0,0,0,0,1,1,2,0,0,2,1,2,2,2,0,0,2,0,0],"9":[0,0,2,0,0,0,0,0,1,0,1,0,0,1,1,0,0,2,2,2,0,0,0,2,0,2,2,2,0,2,1,2,0,0,1,0,1,1,2,0,0,0,0,2,0,0,1,1,1,0,0,1,0,2,0,1,2,2,1,1,0,2,0,2,0,0,1,2,1,1,2],"10":[0,0,1,0,0,1,1,2,0,0,0,0,0,1,1,1,2,1,1,1,2,2,2,0,0,1,0,2,2,2,1,1,2,0,2,2,0,1,0,2,2,1,0,0,1,0,0,2,0,0,1,2,2,2,0,0,2,2,0,0,0,1,0,2,2,2,0,0,2,1,1],"11":[1,2,1,2,0,1,0,0,1,1,0,1,0,1,2,1,1,1,2,2,1,0,1,0,1,2,2,1,1,0,2,0,2,0,2,2,1,2,2,0,2,2,2,2,1,0,2,0,2,0,0,2,0,0,0,1,1,0,1,1,0,2,2,2,2,0,1,2,2,0,0],"12":[2,0,2,2,0,0,0,1,0,0,1,2,0,0,0,0,0,2,1,2,1,0,2,0,0,0,1,2,2,2,0,0,2,2,2,2,0,0,1,0,1,0,1,1,1,0,0,0,0,0,1,0,2,2,0,0,0,1,2,0,0,0,2,0,2,0,0,2,2,2,0],"13":[1,0,0,2,0,0,0,0,0,0,0,2,0,0,0,0,0,2,2,2,0,0,1,0,0,2,1,2,1,2,0,1,2,0,0,1,2,1,2,0,0,0,1,0,0,0,0,1,0,0,0,2,2,2,2,0,0,1,1,0,0,1,0,2,1,0,0,1,2,2,0],"14":[0,1,2,0,0,0,0,1,0,0,1,0,0,2,1,2,0,1,1,2,2,1,2,0,0,1,0,1,0,0,1,1,1,0,0,0,0,0,2,0,0,2,1,0,0,0,0,0,0,1,1,1,1,0,0,2,1,0,2,0,0,2,2,1,2,1,1,0,2,0,0],"15":[0,2,1,0,0,1,0,0,0,0,0,2,1,1,0,0,2,2,2,1,2,0,1,2,0,2,0,1,0,2,2,1,0,0,0,2,0,0,0,2,0,1,2,0,1,1,0,1,1,0,1,2,2,2,0,0,0,0,0,2,0,2,1,0,2,1,1,0,1,2,2],"16":[1,2,2,0,2,0,0,2,1,0,1,1,0,2,1,2,1,1,1,1,2,0,1,0,0,2,2,0,0,1,1,0,0,1,0,2,2,0,1,1,1,0,2,0,0,0,0,0,0,0,2,2,2,0,1,0,0,0,2,0,0,1,2,2,2,1,0,0,2,0,0],"17":[0,0,0,0,0,0,0,2,0,1,2,1,0,0,1,0,1,1,0,2,1,2,1,0,0,2,0,0,2,1,2,1,0,1,0,1,2,0,2,0,0,0,1,0,0,0,0,1,0,0,2,1,2,1,0,0,0,2,1,2,0,0,2,2,0,0,2,0,0,1,1],"18":[1,1,1,0,0,1,0,0,0,0,2,0,0,2,0,0,0,2,1,1,1,2,0,0,2,2,0,0,0,1,0,0,2,1,0,1,2,0,0,1,1,0,1,0,0,1,1,2,1,0,2,2,2,0,0,1,0,0,1,1,2,0,0,0,1,0,1,0,1,2,2]},"Nottingham Forest":{"8":[1,1,2,0,0,1,0,2,1,2,0,1,0,1,1,0,0,1,0,2,2,2,1,2,1,2,2,0,1,2,2,0,0,1,1,0,0,0,0,1,1,0,2,0,0,0,1,1,2,2,2,0,0,0,0,0,0,0,0,2,0,2,2,2,1,0,1,0,0,0,1],"9":[0,2,1,0,0,0,0,2,0,0,0,0,0,1,0,1,0,0,2,2,0,2,1,2,1,1,1,2,0,2,2,0,0,2,2,1,0,1,0,0,1,1,1,1,2,0,0,1,1,0,1,2,1,0,0,0,0,0,1,2,0,2,0,2,2,0,1,0,0,2,2],"10":[1,0,1,0,0,1,1,1,0,1,0,1,1,0,0,0,1,2,2,2,1,2,2,2,1,0,1,1,2,2,0,0,2,0,2,2,2,2,2,1,0,0,1,0,1,0,0,1,0,1,2,2,1,0,0,0,0,0,2,2,2,2,1,0,2,2,1,0,1,0,0],"11":[0,1,0,1,2,0,0,1,1,0,0,2,2,0,1,2,0,2,2,2,2,0,2,2,0,1,0,0,0,2,0,0,2,2,0,2,0,1,1,1,1,0,1,0,0,0,0,1,1,2,1,1,0,0,0,1,0,2,0,2,0,2,2,2,2,1,1,2,0,0,0],"12":[0,0,0,0,0,0,0,2,0,0,1,2,0,0,2,2,1,2,2,1,2,2,1,2,0,2,0,0,0,2,1,0,0,1,0,2,0,0,1,0,2,2,2,1,0,0,0,1,1,2,2,1,1,0,0,0,0,0,2,1,0,0,0,2,2,2,0,0,0,1,0],"13":[0,2,1,0,2,0,0,0,0,0,0,2,1,0,0,2,2,2,2,0,0,2,0,2,0,2,2,0,0,1,1,0,0,2,1,2,0,2,0,0,1,0,1,0,2,1,0,0,2,2,1,0,0,0,2,0,1,1,1,2,0,1,2,2,1,2,1,2,2,1,2],"14":[1,0,1,0,0,1,1,0,0,0,0,0,0,0,2,0,0,2,0,2,2,2,1,2,0,2,2,1,1,0,2,0,0,2,1,1,0,1,0,2,1,1,2,0,2,0,1,2,1,0,0,0,0,0,0,0,1,1,2,0,0,2,1,2,2,2,0,0,2,0,0],"15":[2,0,2,2,0,0,0,1,0,0,1,2,0,0,0,0,0,2,1,2,1,0,2,0,0,0,1,2,2,2,0,0,2,2,2,2,0,0,1,0,1,0,1,1,1,0,0,0,0,0,1,0,2,2,0,0,0,1,2,0,0,0,2,0,2,0,0,2,2,2,0],"16":[1,2,1,2,0,1,0,0,1,1,0,1,0,1,2,1,1,1,2,2,1,0,1,0,1,2,2,1,1,0,2,0,2,0,2,2,1,2,2,0,2,2,2,2,1,0,2,0,2,0,0,2,0,0,0,1,1,0,1,1,0,2,2,2,2,0,1,2,2,0,0],"17":[0,1,2,2,0,0,2,2,2,0,2,2,0,0,0,2,1,2,0,0,2,1,1,0,1,1,0,1,0,0,2,1,0,2,2,2,0,2,0,0,0,2,1,0,0,0,1,0,1,0,2,0,1,2,0,0,2,2,2,0,2,1,1,0,0,0,1,0,2,0,2],"18":[0,0,0,0,0,0,0,1,0,0,0,1,0,0,2,1,0,2,0,2,2,2,2,0,0,2,0,0,2,0,2,0,2,2,0,0,2,0,0,0,0,0,2,1,0,0,0,2,1,0,0,2,1,1,2,2,1,2,0,1,2,2,0,1,2,2,0,1,1,2,1],"19":[1,0,1,0,2,0,0,0,1,1,0,0,0,2,0,0,2,2,0,2,0,0,2,1,0,2,2,1,1,1,1,0,1,1,1,0,2,2,1,2,0,2,2,0,0,0,1,0,0,1,1,0,1,2,1,2,2,1,0,0,2,2,0,2,2,1,2,0,1,2,2],"20":[1,1,0,0,1,0,1,1,2,0,0,1,0,0,2,1,2,0,0,0,2,1,1,1,1,2,1,0,1,0,0,0,2,2,2,1,2,2,1,0,0,0,0,1,0,0,2,0,0,0,0,2,1,2,1,2,2,0,1,0,0,0,2,0,2,2,1,0,0,0,0]},"Sunderland":{"3":[1,0,0,0,0,0,0,1,2,2,0,0,0,1,1,0,1,1,2,2,0,1,0,1,1,1,1,2,2,1,0,2,2,1,0,1,1,0,0,0,0,2,0,0,1,0,0,0,2,0,2,0,0,0,2,2,1,0,0,0,0,2,2,0,2,1,2,1,1,2,0],"4":[1,2,0,0,0,1,2,0,2,0,0,0,0,0,0,1,0,2,0,2,0,2,1,0,0,2,0,2,2,0,0,2,1,0,2,2,0,0,0,2,2,2,0,0,0,1,0,0,0,1,0,2,1,0,0,0,0,0,0,0,0,2,2,1,2,2,2,1,2,2,0],"5":[1,0,2,0,0,0,0,0,2,0,2,1,2,0,0,2,0,2,2,2,1,2,1,0,0,2,2,0,2,2,2,1,2,0,0,0,0,0,0,2,2,1,1,1,0,0,0,1,0,0,0,1,1,0,1,0,2,0,1,1,0,2,1,2,2,2,1,1,0,2,1],"6":[1,0,1,1,0,0,2,0,2,1,1,2,0,2,2,2,2,2,2,2,0,1,1,2,0,2,0,2,0,1,2,2,1,2,2,1,0,1,0,1,0,0,0,0,1,1,0,0,0,2,2,1,1,1,2,0,0,0,1,2,0,2,2,1,2,1,2,0,1,2,1],"7":[1,2,1,0,0,1,0,1,2,1,1,0,1,2,1,2,0,2,2,2,2,2,1,0,0,2,0,0,2,2,2,2,0,1,2,0,2,0,1,2,0,0,0,1,0,0,1,0,0,1,1,2,0,0,0,1,2,2,0,1,0,2,2,1,2,2,1,0,2,1,0],"8":[1,0,0,0,1,0,0,2,2,0,2,2,0,0,2,2,2,1,2,0,2,2,0,0,0,2,2,1,2,1,0,1,2,0,2,2,0,0,2,2,2,1,0,1,0,1,0,0,0,0,2,2,0,2,2,0,1,0,1,0,1,1,2,1,2,0,0,0,1,2,0],"9":[0,0,1,0,0,1,1,2,0,0,0,0,0,1,1,1,2,1,1,1,2,2,2,0,0,1,0,2,2,2,1,1,2,0,2,2,0,1,0,2,2,1,0,0,1,0,0,2,0,0,1,2,2,2,0,0,2,2,0,0,0,1,0,2,2,2,0,0,2,1,1],"10":[1,0,0,2,0,0,0,0,0,0,0,2,0,0,0,0,0,2,2,2,0,0,1,0,0,2,1,2,1,2,0,1,2,0,0,1,2,1,2,0,0,0,1,0,0,0,0,1,0,0,0,2,2,2,2,0,0,1,1,0,0,1,0,2,1,0,0,1,2,2,0],"11":[2,0,2,2,0,0,0,1,