{"generated_at":"2026-04-29T04:28:51.033Z","sims":1000000,"season":"2025/2026","last_result_date":"2026-04-28","tiers":[{"tier":1,"division":"Premier League","teams":["AFC Bournemouth","Arsenal","Aston Villa","Brentford","Brighton & Hove Albion","Burnley","Chelsea","Crystal Palace","Everton","Fulham","Leeds United","Liverpool","Manchester City","Manchester United","Newcastle United","Nottingham Forest","Sunderland","Tottenham Hotspur","West Ham United","Wolverhampton Wanderers"],"basePoints":[49,73,58,48,50,20,48,43,47,48,40,58,70,61,42,39,46,34,36,17],"fixtures":[[0,7,0.5677755825383687,0.25916417713752443,0.17306024032410688],[0,12,0.2422371024910659,0.2809766127619737,0.4767862847469604],[1,5,0.8217899986661673,0.1422088456474063,0.03600115568642649],[1,9,0.6193838166294007,0.24213669676868438,0.13847948660191495],[2,11,0.35377287325744955,0.29248024541298173,0.35374688132956883],[2,17,0.6411400352373621,0.2339611009536316,0.12489886380900636],[3,7,0.5234916314453015,0.2711084181734589,0.20539995038123957],[3,18,0.5028749675430783,0.27581525142828955,0.22130978102863227],[4,13,0.3446720770753742,0.2924114409735073,0.36291648195111853],[4,19,0.67807717029246,0.21871629089113945,0.10320653881640059],[5,2,0.13100357637465956,0.23775390655696516,0.6312425170683753],[5,19,0.3578402243656628,0.29246652641758003,0.3496932492167572],[6,15,0.3970425130167766,0.2909822653494076,0.31197522163381586],[6,17,0.5628320267580006,0.26062034280139545,0.1765476304406041],[7,1,0.16092387601726135,0.2537457307853315,0.5853303931974071],[7,8,0.36498906755732113,0.292376939630271,0.3426339928124078],[8,12,0.16158261715617783,0.25405435720020497,0.5843630256436172],[8,16,0.4778602142047815,0.28078191587551565,0.24135786991970287],[9,0,0.3346492141870866,0.29217332917905253,0.373177456633861],[9,14,0.49248241183882485,0.27797867765499235,0.22953891050618289],[10,4,0.36703846417393615,0.2923360258011032,0.34062551002496066],[10,5,0.6854608813125294,0.21546088264790694,0.09907823603956384],[11,3,0.4862249704794786,0.27921292498490397,0.2345621045356175],[11,6,0.5558696776935217,0.26261906080146546,0.18151126150501293],[12,2,0.6175359370329199,0.24280380913739055,0.13966025382968966],[12,3,0.6312656952949005,0.23774516792549563,0.13098913677960386],[12,7,0.7197707388187067,0.19940908775675018,0.08082017342454322],[13,11,0.41481955459479614,0.2895359401495184,0.2956445052556855],[13,15,0.5448365229143374,0.26566125642124705,0.18950222066441552],[14,4,0.29377249264733396,0.289337275625015,0.4168902317276511],[14,18,0.3897569113300392,0.2914386084854283,0.31880448018453256],[15,0,0.3120000938042774,0.29098408349543003,0.3970158227002925],[15,14,0.46842592252464965,0.282439497654394,0.2491345798209564],[16,6,0.3527581416943853,0.29247941521561704,0.3547624430899976],[16,13,0.22133062035357443,0.2758209569465502,0.5028484226998754],[17,8,0.2615230369348937,0.2847881802066948,0.4536887828584115],[17,10,0.23711917179608946,0.2798167312930728,0.4830640969108377],[18,1,0.174467218467016,0.2597569024560728,0.5657758790769112],[18,10,0.3568221416956038,0.2924725119963944,0.3507053463080019],[19,9,0.19547890753339728,0.2678008263998853,0.5367202660667175],[19,16,0.2742026252770096,0.286837625143183,0.43895974957980743]],"posProbs":{"AFC Bournemouth":[0,0,0,0,0.000056,0.005299,0.212355,0.223752,0.173468,0.141758,0.11422,0.079914,0.036047,0.010752,0.002134,0.00024,0.000005,0,0,0,0],"Arsenal":[0,0.648159,0.351834,0.000007,0,0,0,0,0,0,0,0,0,0,0,0,0,0,0,0,0],"Aston Villa":[0,0,0.000005,0.132359,0.41952,0.434667,0.01278,0.000643,0.000025,0.000001,0,0,0,0,0,0,0,0,0,0,0],"Brentford":[0,0,0,0,0.000016,0.001454,0.06696,0.119758,0.160486,0.176103,0.177638,0.160512,0.08962,0.035216,0.010581,0.001609,0.000047,0,0,0,0],"Brighton & Hove Albion":[0,0,0,0.000006,0.001042,0.022611,0.43683,0.232522,0.137539,0.085084,0.049087,0.02495,0.008417,0.001703,0.000198,0.000011,0,0,0,0,0],"Burnley":[0,0,0,0,0,0,0,0,0,0,0,0,0,0,0,0,0,0,0,0.689408,0.310592],"Chelsea":[0,0,0,0,0.000021,0.002991,0.092981,0.146141,0.172682,0.167029,0.155376,0.135158,0.090057,0.02914,0.007321,0.001048,0.000055,0,0,0,0],"Crystal Palace":[0,0,0,0,0,0,0.000824,0.003057,0.006819,0.013469,0.023638,0.044252,0.098289,0.214451,0.258441,0.237623,0.093059,0.006029,0.000049,0,0],"Everton":[0,0,0,0,0.000001,0.000276,0.041244,0.083367,0.120957,0.150395,0.167025,0.182387,0.152183,0.069332,0.026481,0.006079,0.000273,0,0,0,0],"Fulham":[0,0,0,0,0.000006,0.001113,0.101445,0.150047,0.16144,0.166038,0.164386,0.14226,0.075447,0.028307,0.008252,0.001216,0.000043,0,0,0,0],"Leeds United":[0,0,0,0,0,0,0.000002,0.000054,0.000621,0.003816,0.012042,0.029496,0.088512,0.213316,0.250224,0.248605,0.122516,0.02802,0.002776,0,0],"Liverpool":[0,0,0,0.173252,0.350021,0.456251,0.018599,0.00173,0.000138,0.000009,0,0,0,0,0,0,0,0,0,0,0],"Manchester City":[0,0.351841,0.647954,0.000205,0,0,0,0,0,0,0,0,0,0,0,0,0,0,0,0,0],"Manchester United":[0,0,0.000207,0.694171,0.229317,0.075318,0.000984,0.000003,0,0,0,0,0,0,0,0,0,0,0,0,0],"Newcastle United":[0,0,0,0,0,0,0.000173,0.000925,0.002642,0.00606,0.013973,0.030292,0.076097,0.188782,0.241223,0.244688,0.160779,0.033683,0.000683,0,0],"Nottingham Forest":[0,0,0,0,0,0,0,0,0.000017,0.000197,0.001128,0.003783,0.014755,0.058059,0.112663,0.196685,0.466562,0.134163,0.011988,0,0],"Sunderland":[0,0,0,0,0,0.00002,0.014823,0.038001,0.063166,0.090041,0.121487,0.166983,0.270179,0.146157,0.066874,0.02046,0.001806,0.000003,0,0,0],"Tottenham Hotspur":[0,0,0,0,0,0,0,0,0,0,0,0,0.000001,0.000101,0.0007,0.00361,0.021736,0.180613,0.793239,0,0],"West Ham United":[0,0,0,0,0,0,0,0,0,0,0,0.000013,0.000396,0.004684,0.014908,0.038126,0.133119,0.617489,0.191265,0,0],"Wolverhampton Wanderers":[0,0,0,0,0,0,0,0,0,0,0,0,0,0,0,0,0,0,0,0.310592,0.689408]},"examples":{"AFC Bournemouth":{"4":[0,0,0,1,0,2,0,0,1,0,0,1,2,0,2,2,2,2,2,2,0,0,2,1,0,1,0,1,0,2,2,2,1,0,0,2,1,2,2,1,0],"5":[0,0,1,0,1,1,2,1,2,0,2,2,1,0,2,2,1,0,2,0,1,0,2,1,1,0,2,0,2,2,2,2,0,0,2,2,1,1,1,0,2],"6":[0,1,0,0,1,0,0,0,2,1,2,1,2,0,2,0,0,0,2,2,1,0,0,0,1,0,0,2,1,2,0,0,1,1,0,0,1,2,2,1,2],"7":[0,1,0,0,2,2,1,1,1,0,2,0,1,1,1,2,0,2,1,0,1,0,0,2,0,0,0,0,0,1,2,0,2,0,2,1,0,0,0,1,0],"8":[0,0,0,1,0,0,0,0,0,0,2,0,0,2,1,0,2,0,1,2,0,1,1,2,0,1,0,0,0,2,1,0,2,0,2,0,2,2,0,2,0],"9":[1,1,0,1,1,1,2,0,1,0,2,2,0,1,1,0,2,1,0,0,2,2,2,0,1,1,0,0,0,2,1,2,0,0,1,2,1,2,2,1,2],"10":[1,1,2,2,1,0,0,0,0,0,2,1,2,1,2,1,2,0,0,0,2,0,1,0,2,0,0,0,1,1,2,2,0,2,2,2,2,2,2,1,0],"11":[0,2,0,1,2,1,0,0,0,0,2,1,2,1,1,2,0,0,0,2,1,0,1,1,0,2,0,0,2,2,2,0,1,2,1,0,1,2,1,2,2],"12":[2,2,0,0,0,2,2,2,1,1,2,0,0,0,2,2,2,2,0,0,1,0,1,2,0,1,0,2,0,0,1,0,1,2,2,1,1,2,2,2,2],"13":[2,2,0,0,2,0,1,2,2,0,2,2,1,2,2,0,1,2,0,1,0,0,2,0,1,0,0,0,2,2,0,0,0,2,2,0,1,2,0,2,0],"14":[2,2,0,0,1,0,0,0,1,0,2,0,2,1,2,0,2,2,0,0,0,0,0,0,2,0,1,1,1,0,0,0,1,0,2,2,1,0,0,0,2],"15":[2,2,2,0,0,0,0,0,0,0,2,0,0,0,1,0,1,0,0,1,0,0,0,2,0,2,0,0,1,0,0,0,1,0,2,1,0,2,2,2,2],"16":[2,2,0,0,2,2,2,1,2,0,2,0,2,0,2,1,2,1,0,1,0,0,2,0,0,1,0,2,1,0,0,0,0,1,2,2,1,2,2,0,1]},"Arsenal":{"1":[0,0,0,1,0,0,0,0,0,0,2,0,0,2,1,0,2,0,1,2,0,1,1,2,0,1,0,0,0,2,1,0,2,0,2,0,2,2,0,2,0],"2":[1,2,0,0,2,0,0,0,0,0,2,2,1,0,0,2,2,1,2,1,1,0,2,2,1,0,1,2,0,2,0,2,0,0,2,0,1,0,2,1,0],"3":[0,0,2,2,0,0,1,2,2,1,2,0,1,1,0,1,2,0,2,2,2,0,2,2,0,2,0,0,0,0,0,2,0,1,2,1,2,0,1,2,0]},"Aston Villa":{"2":[0,0,0,1,0,0,0,1,0,0,2,2,1,1,2,0,0,1,2,2,2,0,2,0,2,2,2,1,0,1,1,0,1,1,2,2,2,0,2,2,2],"3":[0,2,0,0,1,0,0,1,0,0,1,1,1,0,2,2,2,0,2,2,0,0,1,2,2,2,0,1,2,1,0,1,0,0,2,2,1,2,2,0,2],"4":[0,0,0,1,0,0,0,0,0,0,2,0,0,2,1,0,2,0,1,2,0,1,1,2,0,1,0,0,0,2,1,0,2,0,2,0,2,2,0,2,0],"5":[0,2,0,1,2,1,0,0,0,0,2,1,2,1,1,2,0,0,0,2,1,0,1,1,0,2,0,0,2,2,2,0,1,2,1,0,1,2,1,2,2],"6":[0,2,0,0,1,2,2,1,0,0,1,0,1,2,2,1,0,2,2,2,2,0,2,1,0,0,0,0,0,2,0,1,0,2,2,2,2,2,0,1,0],"7":[0,0,0,1,2,2,2,0,0,0,2,2,1,0,1,2,2,1,2,0,2,0,1,2,0,2,0,1,0,2,2,2,1,0,1,1,1,2,0,2,2],"8":[0,0,0,0,2,2,1,0,0,0,1,0,0,0,0,2,2,1,2,2,2,0,1,2,0,2,0,1,0,1,1,2,2,2,1,1,2,0,1,0,0],"9":[1,0,0,0,2,2,0,0,1,0,0,0,0,1,2,2,2,1,2,0,1,0,2,2,0,2,2,2,0,2,2,2,1,2,2,2,2,2,2,2,1]},"Brentford":{"4":[0,2,1,0,1,1,0,0,0,0,0,1,1,0,0,2,2,0,1,0,0,0,2,1,0,2,0,0,0,1,0,1,2,1,2,1,1,2,2,2,2],"5":[0,1,0,1,2,1,0,0,2,0,1,2,2,0,2,1,2,2,0,2,2,1,2,0,0,2,0,0,1,0,0,2,2,2,2,0,2,0,0,1,1],"6":[2,1,0,0,1,0,0,1,1,2,0,1,0,1,2,2,2,2,2,0,1,1,0,0,0,2,0,2,0,0,0,1,1,0,2,1,2,2,2,2,1],"7":[0,0,0,1,0,0,0,0,0,0,2,0,0,2,1,0,2,0,1,2,0,1,1,2,0,1,0,0,0,2,1,0,2,0,2,0,2,2,0,2,0],"8":[1,1,0,1,1,1,2,0,1,0,2,2,0,1,1,0,2,1,0,0,2,2,2,0,1,1,0,0,0,2,1,2,0,0,1,2,1,2,2,1,2],"9":[0,2,1,0,0,1,0,2,0,0,1,0,2,1,0,2,2,0,0,0,0,0,2,0,2,0,1,2,0,2,1,2,2,2,2,1,0,2,2,1,2],"10":[0,2,0,0,0,0,0,1,0,0,2,0,1,0,2,1,0,0,1,0,0,2,0,0,1,0,0,1,0,0,0,0,2,0,2,0,2,1,1,1,1],"11":[0,2,0,1,1,2,0,1,1,0,2,1,2,1,2,2,2,1,0,0,2,0,0,0,0,1,2,0,0,2,2,2,1,0,2,2,0,0,2,2,2],"12":[0,1,0,0,2,2,1,1,1,0,2,0,1,1,1,2,0,2,1,0,1,0,0,2,0,0,0,0,0,1,2,0,2,0,2,1,0,0,0,1,0],"13":[2,1,0,0,1,2,1,1,2,0,2,0,0,1,1,1,0,2,1,2,0,0,0,1,0,0,0,0,0,2,1,2,1,0,2,2,2,1,2,1,1],"14":[0,1,0,0,2,0,2,2,0,1,2,0,0,1,0,2,2,1,2,0,1,0,0,0,0,0,0,2,0,0,0,2,1,2,2,0,1,1,0,2,2],"15":[1,2,0,0,0,0,2,2,0,0,2,0,0,0,0,2,2,1,2,2,1,0,0,1,1,1,0,0,1,2,0,2,2,2,1,2,2,0,2,1,2],"16":[0,2,1,0,2,1,2,2,0,0,2,2,1,0,0,1,1,2,0,2,0,1,0,0,1,0,0,2,2,0,0,0,0,2,1,1,2,2,2,2,0]},"Brighton & Hove Albion":{"3":[0,1,0,1,0,2,0,0,0,0,1,1,0,0,2,2,2,2,0,0,2,0,2,0,0,1,0,1,2,2,0,1,1,2,0,0,2,2,2,2,0],"4":[0,2,0,0,1,2,2,1,0,0,1,0,1,2,2,1,0,2,2,2,2,0,2,1,0,0,0,0,0,2,0,1,0,2,2,2,2,2,0,1,0],"5":[0,0,0,1,0,0,0,0,0,0,2,0,0,2,1,0,2,0,1,2,0,1,1,2,0,1,0,0,0,2,1,0,2,0,2,0,2,2,0,2,0],"6":[0,2,0,1,2,1,0,0,0,0,2,1,2,1,1,2,0,0,0,2,1,0,1,1,0,2,0,0,2,2,2,0,1,2,1,0,1,2,1,2,2],"7":[0,1,0,0,1,0,0,0,2,1,2,1,2,0,2,0,0,0,2,2,1,0,0,0,1,0,0,2,1,2,0,0,1,1,0,0,1,2,2,1,2],"8":[2,2,0,1,1,0,0,0,1,2,0,0,0,2,0,2,1,0,2,1,0,0,0,1,1,1,1,1,0,2,2,0,0,1,2,2,0,2,0,2,2],"9":[1,0,1,0,0,0,0,0,2,0,0,1,1,0,2,2,2,0,1,1,1,0,2,0,0,1,0,1,1,0,1,2,0,2,2,0,1,2,0,2,1],"10":[2,1,0,2,1,2,0,0,2,0,0,1,1,2,2,2,2,2,2,0,0,0,2,1,0,0,1,1,0,1,2,2,1,0,2,1,0,0,0,1,2],"11":[2,1,0,0,1,0,0,1,1,2,0,1,0,1,2,2,2,2,2,0,1,1,0,0,0,2,0,2,0,0,0,1,1,0,2,1,2,2,2,2,1],"12":[1,2,0,1,1,1,0,0,1,2,1,1,2,0,2,0,1,0,1,0,0,0,0,0,0,0,0,1,1,0,2,0,0,0,2,1,2,1,2,2,2],"13":[2,1,0,2,0,1,0,2,2,1,2,0,0,1,0,2,1,2,1,1,0,0,0,2,0,0,0,0,0,0,0,0,1,0,1,2,2,2,2,2,1],"14":[1,1,2,1,0,2,0,0,2,2,1,1,2,1,0,0,2,0,1,2,0,1,0,0,2,2,0,1,1,0,1,2,1,1,0,1,2,2,2,1,0],"15":[2,0,0,0,1,2,0,0,2,2,2,0,1,0,1,0,2,0,1,2,0,0,1,2,0,0,2,0,0,0,0,1,2,1,1,1,2,1,1,2,2]},"Burnley":{"19":[0,0,0,1,0,0,0,0,0,0,2,0,0,2,1,0,2,0,1,2,0,1,1,2,0,1,0,0,0,2,1,0,2,0,2,0,2,2,0,2,0],"20":[1,2,0,0,2,0,0,0,0,0,2,2,1,0,0,2,2,1,2,1,1,0,2,2,1,0,1,2,0,2,0,2,0,0,2,0,1,0,2,1,0]},"Chelsea":{"4":[1,2,0,0,1,2,0,2,2,0,1,2,0,0,0,1,2,1,1,1,1,0,2,2,0,0,0,0,1,2,0,2,1,2,2,0,1,2,1,2,2],"5":[0,2,0,0,0,2,1,1,2,1,2,0,0,0,0,1,1,0,2,1,0,0,2,2,2,0,0,1,2,1,0,0,0,2,0,2,2,0,0,2,2],"6":[1,2,1,0,0,0,1,0,2,0,2,0,0,0,1,0,2,2,2,1,0,0,2,1,2,0,1,0,2,2,2,0,1,2,2,2,1,0,1,2,1],"7":[1,2,1,0,2,0,2,2,0,0,1,1,2,0,0,0,2,1,1,1,0,1,1,2,0,0,1,2,1,2,2,1,0,2,2,2,2,2,1,2,1],"8":[1,0,1,0,2,0,0,1,0,0,2,0,0,1,2,2,2,2,2,1,1,0,0,2,1,0,1,2,2,2,1,1,0,1,1,1,2,1,2,1,1],"9":[0,0,0,1,0,0,0,0,0,0,2,0,0,2,1,0,2,0,1,2,0,1,1,2,0,1,0,0,0,2,1,0,2,0,2,0,2,2,0,2,0],"10":[0,2,0,1,2,1,0,0,0,0,2,1,2,1,1,2,0,0,0,2,1,0,1,1,0,2,0,0,2,2,2,0,1,2,1,0,1,2,1,2,2],"11":[0,2,1,0,0,1,0,2,0,0,1,0,2,1,0,2,2,0,0,0,0,0,2,0,2,0,1,2,0,2,1,2,2,2,2,1,0,2,2,1,2],"12":[0,2,0,1,1,2,0,1,1,0,2,1,2,1,2,2,2,1,0,0,2,0,0,0,0,1,2,0,0,2,2,2,1,0,2,2,0,0,2,2,2],"13":[0,1,0,1,2,0,0,0,2,2,2,1,2,2,2,0,1,1,0,0,0,0,1,1,0,1,1,0,0,1,1,1,0,0,2,1,2,2,2,2,0],"14":[0,1,0,0,0,0,0,1,1,0,1,2,2,2,2,1,2,0,0,1,0,0,0,0,1,0,2,1,0,2,2,0,0,0,2,1,2,2,1,0,0],"15":[2,1,0,0,2,2,1,0,0,0,1,1,2,2,0,0,1,2,2,1,0,0,0,0,0,2,0,2,1,2,0,2,2,0,2,2,2,1,0,2,1],"16":[2,2,0,2,0,2,2,0,0,0,1,1,2,2,1,2,2,2,0,0,0,0,0,0,0,1,1,2,2,0,0,0,1,0,2,0,2,0,0,2,1]},"Crystal Palace":{"6":[2,1,0,0,0,0,2,2,1,1,2,1,1,0,0,0,2,0,2,0,0,1,0,0,0,1,0,1,2,2,2,0,1,0,1,2,2,1,1,2,0],"7":[1,2,1,0,2,0,2,1,1,0,2,1,2,2,2,0,2,0,0,2,0,0,0,0,0,2,2,0,0,1,0,2,0,2,0,1,2,2,2,0,2],"8":[1,2,1,0,2,0,2,2,0,0,1,1,2,0,0,0,2,1,1,1,0,1,1,2,0,0,1,2,1,2,2,1,0,2,2,2,2,2,1,2,1],"9":[2,0,1,0,1,0,0,0,2,0,2,1,2,2,0,0,2,0,0,2,1,0,2,1,0,0,0,0,0,2,1,0,2,1,1,0,1,1,2,2,0],"10":[2,2,0,0,2,0,1,2,2,0,2,2,1,2,2,0,1,2,0,1,0,0,2,0,1,0,0,0,2,2,0,0,0,2,2,0,1,2,0,2,0],"11":[1,2,1,0,0,0,1,0,2,0,2,0,0,0,1,0,2,2,2,1,0,0,2,1,2,0,1,0,2,2,2,0,1,2,2,2,1,0,1,2,1],"12":[1,1,0,1,1,1,2,0,1,0,2,2,0,1,1,0,2,1,0,0,2,2,2,0,1,1,0,0,0,2,1,2,0,0,1,2,1,2,2,1,2],"13":[2,2,0,1,1,0,0,0,1,2,0,0,0,2,0,2,1,0,2,1,0,0,0,1,1,1,1,1,0,2,2,0,0,1,2,2,0,2,0,2,2],"14":[0,0,0,1,0,0,0,0,0,0,2,0,0,2,1,0,2,0,1,2,0,1,1,2,0,1,0,0,0,2,1,0,2,0,2,0,2,2,0,2,0],"15":[0,1,0,0,2,2,1,1,1,0,2,0,1,1,1,2,0,2,1,0,1,0,0,2,0,0,0,0,0,1,2,0,2,0,2,1,0,0,0,1,0],"16":[0,2,0,1,2,1,0,0,0,0,2,1,2,1,1,2,0,0,0,2,1,0,1,1,0,2,0,0,2,2,2,0,1,2,1,0,1,2,1,2,2],"17":[0,2,1,0,0,0,1,1,0,0,1,1,1,1,2,2,2,0,2,0,2,0,0,0,0,0,0,0,1,0,2,1,0,0,2,1,2,1,0,1,1],"18":[0,2,0,1,2,0,0,2,2,1,2,2,1,2,2,2,2,0,2,1,1,0,2,1,0,0,0,0,2,1,1,2,1,2,2,0,0,0,2,2,1]},"Everton":{"4":[0,1,0,0,1,2,1,0,2,1,0,1,2,2,2,2,0,0,0,0,0,0,2,2,0,1,0,0,1,0,1,1,0,1,1,2,1,2,0,2,1],"5":[0,1,0,2,0,0,2,0,0,0,2,0,1,2,1,2,0,0,2,0,1,0,2,1,0,2,0,0,1,0,0,0,0,1,2,2,1,1,1,0,2],"6":[2,2,0,1,1,0,0,0,1,2,0,0,0,2,0,2,1,0,2,1,0,0,0,1,1,1,1,1,0,2,2,0,0,1,2,2,0,2,0,2,2],"7":[0,2,0,0,0,0,0,1,0,0,2,0,1,0,2,1,0,0,1,0,0,2,0,0,1,0,0,1,0,0,0,0,2,0,2,0,2,1,1,1,1],"8":[0,2,0,1,2,1,0,0,0,0,2,1,2,1,1,2,0,0,0,2,1,0,1,1,0,2,0,0,2,2,2,0,1,2,1,0,1,2,1,2,2],"9":[0,2,0,1,1,2,0,1,1,0,2,1,2,1,2,2,2,1,0,0,2,0,0,0,0,1,2,0,0,2,2,2,1,0,2,2,0,0,2,2,2],"10":[1,2,0,0,2,0,0,0,0,0,2,2,1,0,0,2,2,1,2,1,1,0,2,2,1,0,1,2,0,2,0,2,0,0,2,0,1,0,2,1,0],"11":[0,0,0,1,0,0,0,0,0,0,2,0,0,2,1,0,2,0,1,2,0,1,1,2,0,1,0,0,0,2,1,0,2,0,2,0,2,2,0,2,0],"12":[1,2,0,0,2,0,0,0,0,0,2,2,1,1,0,0,0,1,0,2,0,0,0,0,0,0,0,0,0,1,0,2,0,1,1,0,0,0,2,2,2],"13":[1,1,0,1,1,1,2,0,1,0,2,2,0,1,1,0,2,1,0,0,2,2,2,0,1,1,0,0,0,2,1,2,0,0,1,2,1,2,2,1,2],"14":[0,1,0,0,0,0,2,0,2,1,2,1,2,1,2,0,1,2,0,0,1,0,0,2,1,0,0,0,2,2,0,2,2,1,2,0,1,0,2,0,2],"15":[1,2,0,1,2,1,0,1,2,0,2,1,0,0,2,0,2,2,0,1,0,0,0,2,0,1,1,0,0,1,0,2,1,1,0,0,1,1,0,0,2],"16":[0,0,0,0,2,0,1,2,1,0,1,0,2,0,1,0,2,2,0,2,0,1,1,1,1,1,1,1,1,0,0,0,0,2,2,0,1,2,2,2,2]},"Fulham":{"4":[0,0,1,2,1,2,0,0,2,0,0,2,0,2,1,2,2,2,0,0,0,1,1,2,0,0,2,0,0,0,1,0,1,2,2,2,1,2,0,2,2],"5":[0,0,0,2,2,2,0,0,2,1,1,1,2,0,2,1,1,0,0,0,0,1,0,0,0,0,0,0,1,0,0,2,0,0,2,0,2,0,2,2,2],"6":[0,0,0,0,2,0,1,0,2,0,2,2,1,2,0,2,2,2,0,0,1,0,0,0,1,0,0,2,1,0,2,1,2,2,2,2,2,2,2,2,0],"7":[0,2,1,0,0,1,0,2,0,0,1,0,2,1,0,2,2,0,0,0,0,0,2,0,2,0,1,2,0,2,1,2,2,2,2,1,0,2,2,1,2],"8":[1,2,0,0,2,0,0,0,0,0,2,2,1,1,0,0,0,1,0,2,0,0,0,0,0,0,0,0,0,1,0,2,0,1,1,0,0,0,2,2,2],"9":[0,2,0,1,2,1,0,0,0,0,2,1,2,1,1,2,0,0,0,2,1,0,1,1,0,2,0,0,2,2,2,0,1,2,1,0,1,2,1,2,2],"10":[0,0,0,1,0,0,0,0,0,0,2,0,0,2,1,0,2,0,1,2,0,1,1,2,0,1,0,0,0,2,1,0,2,0,2,0,2,2,0,2,0],"11":[1,2,0,0,2,0,0,0,0,0,2,2,1,0,0,2,2,1,2,1,1,0,2,2,1,0,1,2,0,2,0,2,0,0,2,0,1,0,2,1,0],"12":[0,1,0,0,1,0,0,0,2,1,2,1,2,0,2,0,0,0,2,2,1,0,0,0,1,0,0,2,1,2,0,0,1,1,0,0,1,2,2,1,2],"13":[1,0,1,0,2,0,0,1,0,0,2,0,0,1,2,2,2,2,2,1,1,0,0,2,1,0,1,2,2,2,1,1,0,1,1,1,2,1,2,1,1],"14":[0,2,0,0,1,0,0,1,0,0,1,1,1,0,2,2,2,0,2,2,0,0,1,2,2,2,0,1,2,1,0,1,0,0,2,2,1,2,2,0,2],"15":[2,2,1,0,1,1,0,2,2,1,2,2,0,2,0,0,0,0,2,2,0,0,1,2,0,0,0,0,0,0,2,2,2,1,0,1,0,0,2,1,2],"16":[2,1,0,0,2,0,1,2,0,1,2,2,2,1,2,1,0,2,2,2,2,0,0,1,0,1,0,2,2,0,1,0,1,2,1,1,2,2,2,0,2]},"Leeds United":{"6":[1,2,0,1,1,1,2,1,2,1,2,2,2,0,2,0,2,1,1,2,0,0,1,0,0,0,0,2,2,1,0,1,1,1,2,2,2,0,2,1,0],"7":[2,2,0,0,0,2,0,2,2,2,1,0,1,1,1,1,0,2,0,1,0,0,1,0,0,0,2,0,1,0,2,2,0,1,1,0,2,1,2,1,1],"8":[1,2,0,1,1,1,0,0,1,2,1,1,2,0,2,0,1,0,1,0,0,0,0,0,0,0,0,1,1,0,2,0,0,0,2,1,2,1,2,2,2],"9":[0,1,0,1,2,0,0,0,2,2,2,1,2,2,2,0,1,1,0,0,0,0,1,1,0,1,1,0,0,1,1,1,0,0,2,1,2,2,2,2,0],"10":[0,2,0,0,0,0,0,2,1,1,2,0,1,2,1,1,0,0,0,0,0,0,1,1,0,0,0,2,0,0,1,1,0,1,0,0,2,2,2,2,1],"11":[2,1,0,0,1,2,1,1,2,0,2,0,0,1,1,1,0,2,1,2,0,0,0,1,0,0,0,0,0,2,1,2,1,0,2,2,2,1,2,1,1],"12":[1,0,1,0,2,0,0,1,0,0,2,0,0,1,2,2,2,2,2,1,1,0,0,2,1,0,1,2,2,2,1,1,0,1,1,1,2,1,2,1,1],"13":[0,2,1,0,0,1,0,2,0,0,1,0,2,1,0,2,2,0,0,0,0,0,2,0,2,0,1,2,0,2,1,2,2,2,2,1,0,2,2,1,2],"14":[2,2,0,1,1,0,0,0,1,2,0,0,0,2,0,2,1,0,2,1,0,0,0,1,1,1,1,1,0,2,2,0,0,1,2,2,0,2,0,2,2],"15":[0,0,0,1,0,0,0,0,0,0,2,0,0,2,1,0,2,0,1,2,0,1,1,2,0,1,0,0,0,2,1,0,2,0,2,0,2,2,0,2,0],"16":[0,1,0,0,2,2,1,1,1,0,2,0,1,1,1,2,0,2,1,0,1,0,0,2,0,0,0,0,0,1,2,0,2,0,2,1,0,0,0,1,0],"17":[0,2,0,1,1,1,0,0,1,0,2,1,2,0,1,1,1,0,2,1,2,1,1,0,0,1,1,0,1,2,0,2,0,0,1,0,0,2,0,2,1],"18":[0,2,0,0,2,0,1,2,1,2,2,2,0,2,2,1,2,0,2,1,2,1,1,0,2,2,1,2,0,0,2,1,0,1,2,0,0,2,1,1,1]},"Liverpool":{"3":[1,0,1,0,2,0,0,1,0,0,2,0,0,1,2,2,2,2,2,1,1,0,0,2,1,0,1,2,2,2,1,1,0,1,1,1,2,1,2,1,1],"4":[0,2,0,1,2,1,0,0,0,0,2,1,2,1,1,2,0,0,0,2,1,0,1,1,0,2,0,0,2,2,2,0,1,2,1,0,1,2,1,2,2],"5":[1,2,0,0,2,0,0,0,0,0,2,2,1,0,0,2,2,1,2,1,1,0,2,2,1,0,1,2,0,2,0,2,0,0,2,0,1,0,2,1,0],"6":[0,0,0,1,0,0,0,0,0,0,2,0,0,2,1,0,2,0,1,2,0,1,1,2,0,1,0,0,0,2,1,0,2,0,2,0,2,2,0,2,0],"7":[0,0,0,0,0,2,0,1,0,0,0,1,0,2,2,1,2,0,2,0,1,1,1,2,0,0,0,0,1,2,1,2,0,2,1,1,2,2,1,2,1],"8":[0,0,0,0,0,1,0,1,0,0,1,2,0,0,1,0,1,0,2,0,1,0,2,2,1,0,0,0,0,1,0,1,0,2,1,2,2,2,2,2,2],"9":[0,2,2,2,0,2,0,0,1,0,2,0,0,0,0,0,2,1,1,0,1,0,2,2,0,2,2,0,0,2,0,0,1,2,2,2,2,0,0,2,2]},"Manchester City":{"1":[1,2,0,0,2,0,0,0,0,0,2,2,1,0,0,2,2,1,2,1,1,0,2,2,1,0,1,2,0,2,0,2,0,0,2,0,1,0,2,1,0],"2":[0,0,0,1,0,0,0,0,0,0,2,0,0,2,1,0,2,0,1,2,0,1,1,2,0,1,0,0,0,2,1,0,2,0,2,0,2,2,0,2,0],"3":[0,0,0,0,1,1,2,1,2,1,1,1,0,0,1,2,0,1,0,0,2,0,2,0,1,1,1,0,0,0,0,0,0,0,2,2,2,2,0,1,2],"4":[0,0,0,0,0,0,0,0,2,0,2,0,0,0,2,0,0,0,2,0,0,0,0,0,2,2,2,0,0,2,0,2,0,2,2,2,2,2,0,2,2]},"Manchester United":{"2":[0,0,0,0,1,1,2,1,2,1,1,1,0,0,1,2,0,1,0,0,2,0,2,0,1,1,1,0,0,0,0,0,0,0,2,2,2,2,0,1,2],"3":[0,0,0,1,0,0,0,0,0,0,2,0,0,2,1,0,2,0,1,2,0,1,1,2,0,1,0,0,0,2,1,0,2,0,2,0,2,2,0,2,0],"4":[0,2,0,0,1,0,0,1,0,0,1,1,1,0,2,2,2,0,2,2,0,0,1,2,2,2,0,1,2,1,0,1,0,0,2,2,1,2,2,0,2],"5":[1,0,1,0,2,0,0,1,0,0,2,0,0,1,2,2,2,2,2,1,1,0,0,2,1,0,1,2,2,2,1,1,0,1,1,1,2,1,2,1,1],"6":[0,1,1,0,1,0,2,0,0,0,2,2,1,1,2,0,1,0,1,0,2,1,0,1,2,0,0,2,2,2,1,0,2,2,0,2,0,2,2,1,1],"7":[0,0,0,0,1,0,0,0,0,0,1,2,0,1,1,1,2,2,2,0,2,1,0,1,2,0,0,2,2,2,2,2,0,0,0,1,1,0,0,1,2]},"Newcastle United":{"6":[0,2,0,0,2,0,0,2,2,0,1,2,0,1,2,2,1,2,0,2,0,0,0,0,0,0,0,0,1,0,0,0,2,1,1,2,1,2,2,1,1],"7":[0,1,0,0,1,0,2,2,2,2,1,2,1,2,1,2,2,2,2,2,2,1,0,0,0,0,0,2,0,0,0,0,2,1,2,2,2,1,0,1,1],"8":[0,0,0,0,0,0,0,2,1,0,2,0,1,2,0,0,2,2,2,2,1,2,0,0,2,0,0,0,1,0,1,0,2,1,2,0,2,1,0,1,1],"9":[0,1,0,0,0,0,0,2,0,2,2,1,1,2,2,0,0,0,1,2,1,0,0,0,0,0,0,1,0,0,0,2,1,0,2,0,1,0,2,0,0],"10":[2,2,0,0,2,0,2,0,2,0,2,1,1,1,2,1,2,0,2,2,1,1,2,0,2,0,0,0,0,0,1,0,2,1,2,2,0,2,1,2,1],"11":[1,1,0,1,2,0,1,1,0,1,2,1,0,0,2,0,2,2,2,2,2,0,2,1,1,0,0,1,2,0,2,0,2,1,2,2,2,0,2,0,2],"12":[0,2,0,0,0,0,0,1,0,0,2,0,1,0,2,1,0,0,1,0,0,2,0,0,1,0,0,1,0,0,0,0,2,0,2,0,2,1,1,1,1],"13":[0,0,0,1,0,0,0,0,0,0,2,0,0,2,1,0,2,0,1,2,0,1,1,2,0,1,0,0,0,2,1,0,2,0,2,0,2,2,0,2,0],"14":[0,2,0,1,2,1,0,0,0,0,2,1,2,1,1,2,0,0,0,2,1,0,1,1,0,2,0,0,2,2,2,0,1,2,1,0,1,2,1,2,2],"15":[1,2,0,0,2,0,0,0,0,0,2,2,1,0,0,2,2,1,2,1,1,0,2,2,1,0,1,2,0,2,0,2,0,0,2,0,1,0,2,1,0],"16":[2,2,0,1,1,0,0,0,1,2,0,0,0,2,0,2,1,0,2,1,0,0,0,1,1,1,1,1,0,2,2,0,0,1,2,2,0,2,0,2,2],"17":[2,1,0,2,1,2,0,0,2,0,0,1,1,2,2,2,2,2,2,0,0,0,2,1,0,0,1,1,0,1,2,2,1,0,2,1,0,0,0,1,2],"18":[0,2,0,0,1,0,0,1,1,0,1,2,1,2,2,1,2,1,0,0,0,0,1,1,0,0,1,1,0,2,2,0,0,0,2,0,0,1,0,0,0]},"Nottingham Forest":{"8":[2,2,2,1,2,0,0,0,0,0,2,0,2,2,1,1,2,1,1,1,2,0,2,0,2,1,0,2,2,1,0,0,0,1,2,0,0,2,0,0,0],"9":[2,2,0,0,0,0,1,1,0,0,2,2,2,2,2,1,2,0,0,0,0,0,0,0,0,1,0,2,2,0,2,0,0,0,1,2,1,2,1,0,0],"10":[0,2,0,2,0,0,1,1,2,0,2,0,2,2,1,0,2,2,0,1,1,0,1,0,2,0,1,2,2,1,2,0,0,2,0,2,1,1,2,1,2],"11":[2,2,0,0,0,0,0,0,1,0,2,1,2,1,0,2,2,0,1,1,1,0,0,1,2,0,0,2,2,0,0,0,0,2,1,1,2,1,0,2,2],"12":[2,2,0,0,2,0,1,2,2,0,2,2,1,2,2,0,1,2,0,1,0,0,2,0,1,0,0,0,2,2,0,0,0,2,2,0,1,2,0,2,0],"13":[0,2,0,1,2,1,0,0,0,0,2,1,2,1,1,2,0,0,0,2,1,0,1,1,0,2,0,0,2,2,2,0,1,2,1,0,1,2,1,2,2],"14":[1,0,1,0,2,0,0,1,0,0,2,0,0,1,2,2,2,2,2,1,1,0,0,2,1,0,1,2,2,2,1,1,0,1,1,1,2,1,2,1,1],"15":[2,2,0,1,1,0,0,0,1,2,0,0,0,2,0,2,1,0,2,1,0,0,0,1,1,1,1,1,0,2,2,0,0,1,2,2,0,2,0,2,2],"16":[0,0,0,1,0,0,0,0,0,0,2,0,0,2,1,0,2,0,1,2,0,1,1,2,0,1,0,0,0,2,1,0,2,0,2,0,2,2,0,2,0],"17":[0,1,0,0,2,2,1,1,1,0,2,0,1,1,1,2,0,2,1,0,1,0,0,2,0,0,0,0,0,1,2,0,2,0,2,1,0,0,0,1,0],"18":[2,1,0,2,1,2,0,0,2,0,0,1,1,2,2,2,2,2,2,0,0,0,2,1,0,0,1,1,0,1,2,2,1,0,2,1,0,0,0,1,2]},"Sunderland":{"5":[1,1,0,0,2,2,1,2,2,0,0,0,2,2,2,0,2,2,0,0,0,1,0,0,0,0,0,0,0,2,2,1,1,0,0,0,0,0,0,1,2],"6":[0,2,0,0,1,0,2,1,2,0,2,0,1,0,0,2,2,2,1,1,1,1,1,2,0,0,0,1,0,0,1,0,0,0,0,1,2,2,0,2,1],"7":[0,2,0,1,1,0,0,0,2,0,2,0,2,0,2,1,1,2,2,1,2,2,0,0,1,0,0,1,1,1,2,0,0,0,1,1,2,1,1,2,2],"8":[0,1,0,1,1,2,0,2,2,0,2,1,1,1,2,0,2,2,0,2,2,0,0,2,1,0,0,0,0,2,2,2,0,0,0,2,0,2,2,2,0],"9":[0,1,0,0,1,0,0,0,2,1,2,1,2,0,2,0,0,0,2,2,1,0,0,0,1,0,0,2,1,2,0,0,1,1,0,0,1,2,2,1,2],"10":[1,1,0,1,1,1,2,0,1,0,2,2,0,1,1,0,2,1,0,0,2,2,2,0,1,1,0,0,0,2,1,2,0,0,1,2,1,2,2,1,2],"11":[0,1,0,0,2,2,1,1,1,0,2,0,1,1,1,2,0,2,1,0,1,0,0,2,0,0,0,0,0,1,2,0,2,0,2,1,0,0,0,1,0],"12":[0,0,0,1,0,0,0,0,0,0,2,0,0,2,1,0,2,0,1,2,0,1,1,2,0,1,0,0,0,2,1,0,2,0,2,0,2,2,0,2,0],"13":[0,2,0,0,0,0,0,1,0,0,2,0,1,0,2,1,0,0,1,0,0,2,0,0,1,0,0,1,0,0,0,0,2,0,2,0,2,1,1,1,1],"14":[1,1,2,2,1,0,0,0,0,0,2,1,2,1,2,1,2,0,0,0,2,0,1,0,2,0,0,0,1,1,2,2,0,2,2,2,2,2,2,1,0],"15":[1,0,0,0,0,2,1,0,0,0,2,1,1,1,2,0,1,0,1,1,1,0,2,0,0,0,0,1,0,2,0,2,2,1,2,2,2,1,1,2,0],"16":[0,0,1,2,1,2,0,2,1,1,1,1,2,1,1,0,2,0,0,2,0,0,0,1,0,0,0,0,1,2,0,2,0,2,2,0,2,2,0,0,0],"17":[0,2,1,0,0,1,2,1,2,0,0,2,0,0,2,2,1,0,2,1,2,0,0,0,2,2,0,2,2,0,2,0,1,2,2,0,2,0,0,1,0]},"Tottenham Hotspur":{"12":[0,1,0,0,1,2,0,0,1,0,2,0,0,2,2,1,1,0,2,1,2,0,1,2,0,0,0,0,1,2,2,0,2,2,2,0,0,0,1,2,0],"13":[0,1,0,0,1,2,0,0,0,0,0,1,2,2,2,2,2,0,1,0,2,0,0,0,1,0,1,2,1,0,2,1,1,1,2,0,0,2,0,1,2],"14":[0,0,0,1,0,2,0,1,1,0,1,1,2,2,2,0,2,2,0,0,2,0,1,2,1,1,0,2,0,2,1,2,1,2,1,0,0,1,1,0,1],"15":[0,1,0,1,0,1,1,0,0,0,2,2,1,2,0,2,2,1,0,1,2,0,1,0,1,0,0,0,0,0,2,1,0,0,1,0,0,2,0,2,0],"16":[2,1,0,2,1,2,0,0,2,0,0,1,1,2,2,2,2,2,2,0,0,0,2,1,0,0,1,1,0,1,2,2,1,0,2,1,0,0,0,1,2],"17":[1,1,0,1,1,1,2,0,1,0,2,2,0,1,1,0,2,1,0,0,2,2,2,0,1,1,0,0,0,2,1,2,0,0,1,2,1,2,2,1,2],"18":[0,0,0,1,0,0,0,0,0,0,2,0,0,2,1,0,2,0,1,2,0,1,1,2,0,1,0,0,0,2,1,0,2,0,2,0,2,2,0,2,0]},"West Ham United":{"11":[0,2,0,0,0,0,2,2,2,0,1,0,1,2,2,1,2,1,1,0,1,0,0,0,0,0,0,0,1,2,2,2,0,2,2,2,2,0,0,2,1],"12":[0,0,0,1,2,0,0,2,2,0,1,0,1,1,2,2,2,0,0,1,2,0,0,1,0,2,0,2,2,1,2,0,2,1,2,1,2,0,0,2,0],"13":[0,0,0,0,1,0,0,2,2,0,2,0,0,0,1,1,0,0,2,1,2,0,0,0,0,0,0,2,0,2,1,2,0,2,2,1,2,0,0,1,0],"14":[0,1,0,0,2,2,1,1,1,0,2,0,1,1,1,2,0,2,1,0,1,0,0,2,0,0,0,0,0,1,2,0,2,0,2,1,0,0,0,1,0],"15":[2,1,0,2,1,2,0,0,2,0,0,1,1,2,2,2,2,2,2,0,0,0,2,1,0,0,1,1,0,1,2,2,1,0,2,1,0,0,0,1,2],"16":[0,2,1,0,0,0,1,1,0,0,1,1,1,1,2,2,2,0,2,0,2,0,0,0,0,0,0,0,1,0,2,1,0,0,2,1,2,1,0,1,1],"17":[0,0,0,1,0,0,0,0,0,0,2,0,0,2,1,0,2,0,1,2,0,1,1,2,0,1,0,0,0,2,1,0,2,0,2,0,2,2,0,2,0],"18":[1,1,0,1,1,1,2,0,1,0,2,2,0,1,1,0,2,1,0,0,2,2,2,0,1,1,0,0,0,2,1,2,0,0,1,2,1,2,2,1,2]},"Wolverhampton Wanderers":{"19":[1,2,0,0,2,0,0,0,0,0,2,2,1,0,0,2,2,1,2,1,1,0,2,2,1,0,1,2,0,2,0,2,0,0,2,0,1,0,2,1,0],"20":[0,0,0,1,0,0,0,0,0,0,2,0,0,2,1,0,2,0,1,2,0,1,1,2,0,1,0,0,0,2,1,0,2,0,2,0,2,2,0,2,0]}},"impossible":{"AFC Bournemouth":[false,true,true,false,false,false,false,false,false,false,false,false,false,false,false,false,false,true,true,true,true],"Arsenal":[false,false,false,false,true,true,true,true,true,true,true,true,true,true,true,true,true,true,true,true,true],"Aston Villa":[false,true,false,false,false,false,false,false,false,false,false,false,false,false,true,true,true,true,true,true,true],"Brentford":[false,true,true,true,false,false,false,false,false,false,false,false,false,false,false,false,false,false,true,true,true],"Brighton & Hove Albion":[false,true,true,false,false,false,false,false,false,false,false,false,false,false,false,false,false,true,true,true,true],"Burnley":[false,true,true,true,true,true,true,true,true,true,true,true,true,true,true,true,true,true,true,false,false],"Chelsea":[false,true,true,true,false,false,false,false,false,false,false,false,false,false,false,false,false,false,true,true,true],"Crystal Palace":[false,true,true,true,false,true,false,false,false,false,false,false,false,false,false,false,false,false,false,true,true],"Everton":[false,true,true,true,false,false,false,false,false,false,false,false,false,false,false,false,false,false,true,true,true],"Fulham":[false,true,true,true,false,false,false,false,false,false,false,false,false,false,false,false,false,false,true,true,true],"Leeds United":[false,true,true,true,true,true,false,false,false,false,false,false,false,false,false,false,false,false,false,true,true],"Liverpool":[false,true,true,false,false,false,false,false,false,false,false,false,false,false,true,true,true,true,true,true,true],"Manchester City":[false,false,false,false,false,true,true,true,true,true,true,true,true,true,true,true,true,true,true,true,true],"Manchester United":[false,false,false,false,false,false,false,false,true,true,true,true,true,true,true,true,true,true,true,true,true],"Newcastle United":[false,true,true,true,true,true,false,false,false,false,false,false,false,false,false,false,false,false,false,true,true],"Nottingham Forest":[false,true,true,true,true,true,false,false,false,false,false,false,false,false,false,false,false,false,false,true,true],"Sunderland":[false,true,true,true,true,false,false,false,false,false,false,false,false,false,false,false,false,false,false,true,true],"Tottenham Hotspur":[false,true,true,true,true,true,true,true,true,true,true,true,false,false,false,false,false,false,false,true,true],"West Ham United":[false,true,true,true,true,true,true,true,false,false,false,false,false,false,false,false,false,false,false,true,true],"Wolverhampton Wanderers":[false,true,true,true,true,true,true,true,true,true,true,true,true,true,true,true,true,true,true,false,false]},"ilpTimeouts":{"AFC Bournemouth":{"3":true},"Arsenal":{},"Aston Villa":{"10":true,"11":true,"12":true,"13":true},"Brentford":{"17":true},"Brighton & Hove Albion":{"16":true},"Burnley":{},"Chelsea":{"17":true},"Crystal Palace":{"4":true},"Everton":{"17":true},"Fulham":{"17":true},"Leeds United":{},"Liverpool":{"10":true,"11":true,"12":true,"13":true},"Manchester City":{},"Manchester United":{},"Newcastle United":{},"Nottingham Forest":{"6":true,"7":true},"Sunderland":{"18":true},"Tottenham Hotspur":{},"West Ham United":{"8":true,"9":true,"10":true},"Wolverhampton Wanderers":{}}},{"tier":2,"division":"EFL Championship","teams":["Birmingham City","Blackburn Rovers","Bristol City","Charlton Athletic","Coventry City","Derby County","Hull City","Ipswich Town","Leicester City","Middlesbrough","Millwall","Norwich City","Oxford United","Portsmouth","Preston North End","Queens Park Rangers","Sheffield United","Sheffield Wednesday","Southampton","Stoke City","Swansea City","Watford","West Bromwich Albion","Wrexham"],"basePoints":[63,52,59,53,92,69,70,81,43,79,80,65,47,54,60,58,57,-3,77,55,61,57,53,70],"fixtures":[[1,8,0.5306445737966983,0.26934767882586286,0.20000774737743898],[2,19,0.5163043271586718,0.2728115634759139,0.2108841093654144],[5,16,0.49456476533298516,0.27755651890767674,0.22787871575933807],[6,11,0.29947765307101193,0.2899213382315611,0.410601008697427],[7,15,0.6846465368339438,0.21582334799361755,0.09953011517243868],[10,12,0.6438037904095593,0.23291933360472342,0.12327687598571739],[13,0,0.3649890675573213,0.292376939630271,0.3426339928124077],[14,18,0.2362722577848332,0.27961855753632203,0.48410918467884484],[17,22,0.12275362908960535,0.2325801252667953,0.6446662456435993],[20,3,0.5347154862679622,0.26831643301323477,0.1969680807188031],[21,4,0.13156849551361158,0.23809494126925818,0.6303365632171303],[23,9,0.45161209171178257,0.2850953087682715,0.26329259951994594]],"posProbs":{"Birmingham City":[0,0,0,0,0,0,0,0,0,0.152662,0.554339,0.270107,0.022892,0,0,0,0,0,0,0,0,0,0,0,0],"Blackburn Rovers":[0,0,0,0,0,0,0,0,0,0,0,0,0,0,0,0,0,0.020959,0.114502,0.220852,0.230601,0.413086,0,0,0],"Bristol City":[0,0,0,0,0,0,0,0,0,0,0,0.130917,0.356315,0.357213,0.129953,0.024069,0.001533,0,0,0,0,0,0,0,0],"Charlton Athletic":[0,0,0,0,0,0,0,0,0,0,0,0,0,0,0,0,0,0.057663,0.091016,0.104555,0.32083,0.425936,0,0,0],"Coventry City":[0,1,0,0,0,0,0,0,0,0,0,0,0,0,0,0,0,0,0,0,0,0,0,0,0],"Derby County":[0,0,0,0,0,0,0.200289,0.311218,0.488493,0,0,0,0,0,0,0,0,0,0,0,0,0,0,0,0],"Hull City":[0,0,0,0,0,0,0.313742,0.372807,0.313451,0,0,0,0,0,0,0,0,0,0,0,0,0,0,0,0],"Ipswich Town":[0,0,0.768309,0.193185,0.038506,0,0,0,0,0,0,0,0,0,0,0,0,0,0,0,0,0,0,0,0],"Leicester City":[0,0,0,0,0,0,0,0,0,0,0,0,0,0,0,0,0,0,0,0,0,0,0,1,0],"Middlesbrough":[0,0,0.019464,0.124471,0.571329,0.284736,0,0,0,0,0,0,0,0,0,0,0,0,0,0,0,0,0,0,0],"Millwall":[0,0,0.212227,0.663313,0.110915,0.013545,0,0,0,0,0,0,0,0,0,0,0,0,0,0,0,0,0,0,0],"Norwich City":[0,0,0,0,0,0,0,0,0,0.847338,0.152662,0,0,0,0,0,0,0,0,0,0,0,0,0,0],"Oxford United":[0,0,0,0,0,0,0,0,0,0,0,0,0,0,0,0,0,0,0,0,0,0,1,0,0],"Portsmouth":[0,0,0,0,0,0,0,0,0,0,0,0,0,0,0,0.030073,0.109736,0.200545,0.152067,0.247011,0.205445,0.055123,0,0,0],"Preston North End":[0,0,0,0,0,0,0,0,0,0,0.01984,0.125746,0.362201,0.398627,0.084556,0.008647,0.000383,0,0,0,0,0,0,0,0],"Queens Park Rangers":[0,0,0,0,0,0,0,0,0,0,0,0.003246,0.031944,0.062416,0.452798,0.343892,0.096857,0.008847,0,0,0,0,0,0,0],"Sheffield United":[0,0,0,0,0,0,0,0,0,0,0,0,0.018724,0.079833,0.178274,0.267655,0.316497,0.123874,0.015143,0,0,0,0,0,0],"Sheffield Wednesday":[0,0,0,0,0,0,0,0,0,0,0,0,0,0,0,0,0,0,0,0,0,0,0,0,1],"Southampton":[0,0,0,0.019031,0.27925,0.701719,0,0,0,0,0,0,0,0,0,0,0,0,0,0,0,0,0,0,0],"Stoke City":[0,0,0,0,0,0,0,0,0,0,0,0,0,0,0.038677,0.09072,0.066509,0.178119,0.303632,0.232055,0.080623,0.009665,0,0,0],"Swansea City":[0,0,0,0,0,0,0,0,0,0,0.273159,0.469984,0.19741,0.057316,0.002131,0,0,0,0,0,0,0,0,0,0],"Watford":[0,0,0,0,0,0,0,0,0,0,0,0,0.010514,0.044595,0.113611,0.234944,0.408485,0.167513,0.020338,0,0,0,0,0,0],"West Bromwich Albion":[0,0,0,0,0,0,0,0,0,0,0,0,0,0,0,0,0,0.24248,0.303302,0.195527,0.162501,0.09619,0,0,0],"Wrexham":[0,0,0,0,0,0,0.485969,0.315975,0.198056,0,0,0,0,0,0,0,0,0,0,0,0,0,0,0,0]},"examples":{"Birmingham City":{"9":[2,0,0,0,0,0,2,0,2,0,1,0],"10":[1,0,0,1,1,0,0,2,1,1,2,0],"11":[0,0,0,0,0,0,0,2,1,0,1,0],"12":[0,0,0,2,0,0,0,0,2,0,2,0]},"Blackburn Rovers":{"17":[0,0,2,2,0,0,2,0,1,0,2,1],"18":[0,0,1,2,0,0,0,2,0,0,2,0],"19":[0,0,0,0,0,0,0,2,1,0,1,0],"20":[0,1,1,1,0,1,0,1,2,0,0,2],"21":[1,0,0,1,1,0,0,2,1,1,2,0]},"Bristol City":{"11":[1,0,0,1,1,0,0,2,1,1,2,0],"12":[0,0,0,0,0,0,0,2,1,0,1,0],"13":[2,1,0,0,0,0,0,1,2,2,2,1],"14":[0,1,0,1,2,2,2,2,0,2,1,0],"15":[2,2,2,0,0,0,2,2,2,0,0,1],"16":[2,1,2,0,2,0,0,2,2,1,0,2]},"Charlton Athletic":{"17":[0,0,1,0,0,2,1,1,2,2,2,0],"18":[2,0,1,1,1,0,0,2,1,2,2,1],"19":[1,0,0,1,1,0,0,2,1,1,2,0],"20":[0,0,1,2,0,0,0,2,0,0,2,0],"21":[0,0,0,0,0,0,0,2,1,0,1,0]},"Coventry City":{"1":[0,0,0,0,0,0,0,2,1,0,1,0]},"Derby County":{"6":[0,0,0,2,0,0,0,0,1,0,2,2],"7":[1,0,0,1,1,0,0,2,1,1,2,0],"8":[0,0,0,0,0,0,0,2,1,0,1,0]},"Hull City":{"6":[0,0,0,0,0,0,0,2,1,0,1,0],"7":[0,0,1,0,0,2,1,1,2,2,2,0],"8":[1,0,0,1,1,0,0,2,1,1,2,0]},"Ipswich Town":{"2":[0,0,0,0,0,0,0,2,1,0,1,0],"3":[1,0,0,1,1,0,0,2,1,1,2,0],"4":[2,1,1,1,2,0,1,2,1,0,2,2]},"Leicester City":{"23":[0,0,0,0,0,0,0,2,1,0,1,0]},"Middlesbrough":{"2":[0,2,0,2,1,2,1,1,1,1,2,2],"3":[0,1,1,1,0,1,0,1,2,0,0,2],"4":[1,0,0,2,0,1,1,1,0,0,2,0],"5":[0,0,0,0,0,0,0,2,1,0,1,0]},"Millwall":{"2":[1,0,0,1,1,0,0,2,1,1,2,0],"3":[0,0,0,0,0,0,0,2,1,0,1,0],"4":[0,1,1,1,0,1,0,1,2,0,0,2],"5":[0,2,0,2,1,2,2,2,2,0,0,1]},"Norwich City":{"9":[0,0,0,0,0,0,0,2,1,0,1,0],"10":[2,0,0,0,0,0,2,0,2,0,1,0]},"Oxford United":{"22":[0,0,0,0,0,0,0,2,1,0,1,0]},"Portsmouth":{"15":[0,0,0,1,0,0,0,2,2,0,2,0],"16":[0,0,0,0,0,0,0,2,1,0,1,0],"17":[1,0,0,1,1,0,0,2,1,1,2,0],"18":[2,0,0,2,0,1,2,2,0,0,1,0],"19":[1,0,0,1,1,0,1,2,2,0,1,0],"20":[0,0,1,0,0,2,1,1,2,2,2,0],"21":[0,0,2,2,1,0,2,0,2,2,1,0]},"Preston North End":{"10":[0,0,1,0,0,0,0,0,1,1,2,0],"11":[2,1,0,0,0,0,0,1,2,2,2,1],"12":[0,1,1,1,0,1,0,1,2,0,0,2],"13":[0,0,0,0,0,0,0,2,1,0,1,0],"14":[2,0,2,1,2,1,2,2,2,1,2,1],"15":[0,0,2,2,0,0,1,2,2,0,0,2],"16":[2,1,2,1,2,0,0,2,2,2,0,1]},"Queens Park Rangers":{"11":[0,1,0,1,2,2,2,2,0,2,1,0],"12":[2,2,2,0,2,0,0,2,2,2,1,1],"13":[2,0,2,1,2,1,2,2,2,1,2,1],"14":[0,0,0,0,0,0,0,2,1,0,1,0],"15":[0,1,1,1,0,1,0,1,2,0,0,2],"16":[2,2,1,0,0,1,0,1,0,0,0,0],"17":[0,2,2,0,0,1,1,0,1,0,0,0]},"Sheffield United":{"12":[0,2,2,1,0,0,0,2,2,1,1,2],"13":[2,2,2,0,2,0,0,2,2,2,1,1],"14":[0,0,1,0,0,2,1,1,2,2,2,0],"15":[1,0,0,1,1,0,0,2,1,1,2,0],"16":[0,1,1,1,0,1,0,1,2,0,0,2],"17":[0,0,0,0,0,0,0,2,1,0,1,0],"18":[0,2,0,1,1,1,0,0,1,1,1,0]},"Sheffield Wednesday":{"24":[0,0,0,0,0,0,0,2,1,0,1,0]},"Southampton":{"3":[0,0,0,2,0,2,1,2,1,2,1,0],"4":[0,0,0,0,0,0,0,2,1,0,1,0],"5":[1,0,0,2,0,1,1,1,0,0,2,0]},"Stoke City":{"14":[2,2,0,1,0,0,2,0,2,0,2,0],"15":[2,2,0,2,1,0,1,2,2,0,2,0],"16":[0,2,0,2,1,2,2,2,2,0,0,1],"17":[2,0,0,2,0,1,2,2,0,0,1,0],"18":[0,0,0,0,0,0,0,2,1,0,1,0],"19":[0,0,1,2,0,0,0,2,0,0,2,0],"20":[0,0,0,1,0,0,0,2,2,0,2,0],"21":[0,0,0,0,0,0,0,2,2,2,2,1]},"Swansea City":{"10":[0,0,0,0,0,0,0,2,1,0,1,0],"11":[1,0,0,2,0,1,1,1,0,0,2,0],"12":[1,0,0,1,1,0,0,2,1,1,2,0],"13":[2,0,1,2,0,0,1,0,1,1,1,1],"14":[1,0,0,1,2,0,1,1,0,2,1,1]},"Watford":{"12":[2,2,2,0,0,0,2,2,2,0,0,1],"13":[2,2,1,0,0,1,0,1,0,0,0,0],"14":[0,1,1,1,0,1,0,1,2,0,0,2],"15":[0,0,0,0,0,0,0,2,1,0,1,0],"16":[1,0,0,1,1,0,0,2,1,1,2,0],"17":[0,0,1,2,0,0,0,2,0,0,2,0],"18":[0,2,1,2,0,0,0,1,1,0,2,0]},"West Bromwich Albion":{"17":[1,0,0,1,1,0,1,2,2,0,1,0],"18":[2,1,0,0,0,0,0,1,2,2,2,1],"19":[0,1,1,1,0,1,0,1,2,0,0,2],"20":[0,0,0,0,0,0,0,2,1,0,1,0],"21":[0,0,1,2,0,0,0,2,0,0,2,0]},"Wrexham":{"6":[1,0,0,1,1,0,0,2,1,1,2,0],"7":[0,0,0,0,0,0,0,2,1,0,1,0],"8":[2,1,0,0,0,0,0,1,2,2,2,1]}},"impossible":{"Birmingham City":[false,true,true,true,true,true,true,true,true,false,false,false,false,true,true,true,true,true,true,true,true,true,true,true,true],"Blackburn Rovers":[false,true,true,true,true,true,true,true,true,true,true,true,true,true,true,true,true,false,false,false,false,false,true,true,true],"Bristol City":[false,true,true,true,true,true,true,true,true,true,true,false,false,false,false,false,false,true,true,true,true,true,true,true,true],"Charlton Athletic":[false,true,true,true,true,true,true,true,true,true,true,true,true,true,true,true,true,false,false,false,false,false,true,true,true],"Coventry City":[false,false,true,true,true,true,true,true,true,true,true,true,true,true,true,true,true,true,true,true,true,true,true,true,true],"Derby County":[false,true,true,true,true,true,false,false,false,true,true,true,true,true,true,true,true,true,true,true,true,true,true,true,true],"Hull City":[false,true,true,true,true,true,false,false,false,true,true,true,true,true,true,true,true,true,true,true,true,true,true,true,true],"Ipswich Town":[false,true,false,false,false,true,true,true,true,true,true,true,true,true,true,true,true,true,true,true,true,true,true,true,true],"Leicester City":[false,true,true,true,true,true,true,true,true,true,true,true,true,true,true,true,true,true,true,true,true,true,true,false,true],"Middlesbrough":[false,true,false,false,false,false,true,true,true,true,true,true,true,true,true,true,true,true,true,true,true,true,true,true,true],"Millwall":[false,true,false,false,false,false,true,true,true,true,true,true,true,true,true,true,true,true,true,true,true,true,true,true,true],"Norwich City":[false,true,true,true,true,true,true,true,true,false,false,true,true,true,true,true,true,true,true,true,true,true,true,true,true],"Oxford United":[false,true,true,true,true,true,true,true,true,true,true,true,true,true,true,true,true,true,true,true,true,true,false,true,true],"Portsmouth":[false,true,true,true,true,true,true,true,true,true,true,true,true,true,true,false,false,false,false,false,false,false,true,true,true],"Preston North End":[false,true,true,true,true,true,true,true,true,true,false,false,false,false,false,false,false,true,true,true,true,true,true,true,true],"Queens Park Rangers":[false,true,true,true,true,true,true,true,true,true,true,false,false,false,false,false,false,false,true,true,true,true,true,true,true],"Sheffield United":[false,true,true,true,true,true,true,true,true,true,true,true,false,false,false,false,false,false,false,true,true,true,true,true,true],"Sheffield Wednesday":[false,true,true,true,true,true,true,true,true,true,true,true,true,true,true,true,true,true,true,true,true,true,true,true,false],"Southampton":[false,true,true,false,false,false,true,true,true,true,true,true,true,true,true,true,true,true,true,true,true,true,true,true,true],"Stoke City":[false,true,true,true,true,true,true,true,true,true,true,true,true,true,false,false,false,false,false,false,false,false,true,true,true],"Swansea City":[false,true,true,true,true,true,true,true,true,true,false,false,false,false,false,true,true,true,true,true,true,true,true,true,true],"Watford":[false,true,true,true,true,true,true,true,true,true,true,true,false,false,false,false,false,false,false,true,true,true,true,true,true],"West Bromwich Albion":[false,true,true,true,true,true,true,true,true,true,true,true,true,true,true,true,true,false,false,false,false,false,true,true,true],"Wrexham":[false,true,true,true,true,true,false,false,false,true,true,true,true,true,true,true,true,true,true,true,true,true,true,true,true]},"ilpTimeouts":{"Birmingham City":{},"Blackburn Rovers":{},"Bristol City":{},"Charlton Athletic":{},"Coventry City":{},"Derby County":{},"Hull City":{},"Ipswich Town":{},"Leicester City":{},"Middlesbrough":{},"Millwall":{},"Norwich City":{},"Oxford United":{},"Portsmouth":{},"Preston North End":{},"Queens Park Rangers":{},"Sheffield United":{},"Sheffield Wednesday":{},"Southampton":{},"Stoke City":{},"Swansea City":{},"Watford":{},"West Bromwich Albion":{},"Wrexham":{}}},{"tier":3,"division":"EFL League One","teams":["AFC Wimbledon","Barnsley","Blackpool","Bolton Wanderers","Bradford City","Burton Albion","Cardiff City","Doncaster Rovers","Exeter City","Huddersfield Town","Leyton Orient","Lincoln City","Luton Town","Mansfield Town","Northampton Town","Peterborough United","Plymouth Argyle","Port Vale","Reading","Rotherham United","Stevenage","Stockport County","Wigan Athletic","Wycombe Wanderers"],"basePoints":[53,59,57,75,74,53,91,57,49,64,51,100,71,62,35,53,70,42,63,41,72,74,56,60],"fixtures":[[0,9,0.3052304712960173,0.29044649964315233,0.40432302906083034],[1,21,0.30715838053596495,0.2906083768439008,0.4022332426201342],[3,12,0.38042706409523336,0.291904584123015,0.32766835178175174],[8,4,0.3110292757043555,0.2909122629550836,0.39805846134056094],[10,5,0.37011799576205856,0.2922619054103968,0.3376200988275447],[13,6,0.21011524061669556,0.27257800871746163,0.5173067506658428],[14,16,0.12491277856599588,0.23396997494516864,0.6411172464888355],[15,7,0.3970425130167765,0.2909822653494076,0.31197522163381586],[17,11,0.0717927912506524,0.1902963017995292,0.7379109069498184],[18,2,0.3907962545270345,0.2913784322842378,0.31782531318872764],[20,22,0.5397863335815448,0.26700238727893294,0.1932112791395222],[23,19,0.5558696776935218,0.26261906080146546,0.18151126150501287]],"posProbs":{"AFC Wimbledon":[0,0,0,0,0,0,0,0,0,0,0,0,0,0,0,0,0.063754,0.208031,0.256787,0.404382,0.067046,0,0,0,0],"Barnsley":[0,0,0,0,0,0,0,0,0,0,0,0.035177,0.166354,0.489669,0.242845,0.062086,0.003869,0,0,0,0,0,0,0,0],"Blackpool":[0,0,0,0,0,0,0,0,0,0,0,0,0.015553,0.145951,0.316988,0.389703,0.131805,0,0,0,0,0,0,0,0],"Bolton Wanderers":[0,0,0,0.540846,0.270899,0.156423,0.031832,0,0,0,0,0,0,0,0,0,0,0,0,0,0,0,0,0,0],"Bradford City":[0,0,0,0.216775,0.292955,0.282022,0.183501,0.024747,0,0,0,0,0,0,0,0,0,0,0,0,0,0,0,0,0],"Burton Albion":[0,0,0,0,0,0,0,0,0,0,0,0,0,0,0,0,0.071355,0.254345,0.234882,0.186731,0.252687,0,0,0,0],"Cardiff City":[0,0,1,0,0,0,0,0,0,0,0,0,0,0,0,0,0,0,0,0,0,0,0,0,0],"Doncaster Rovers":[0,0,0,0,0,0,0,0,0,0,0,0,0.01525,0.142411,0.311997,0.39659,0.133752,0,0,0,0,0,0,0,0],"Exeter City":[0,0,0,0,0,0,0,0,0,0,0,0,0,0,0,0,0,0,0,0,0.150572,0.849428,0,0,0],"Huddersfield Town":[0,0,0,0,0,0,0,0,0,0.674803,0.279052,0.046145,0,0,0,0,0,0,0,0,0,0,0,0,0],"Leyton Orient":[0,0,0,0,0,0,0,0,0,0,0,0,0,0,0,0,0,0.09523,0.181231,0.093099,0.479868,0.150572,0,0,0],"Lincoln City":[0,1,0,0,0,0,0,0,0,0,0,0,0,0,0,0,0,0,0,0,0,0,0,0,0],"Luton Town":[0,0,0,0,0.004853,0.042523,0.162851,0.332244,0.457529,0,0,0,0,0,0,0,0,0,0,0,0,0,0,0,0],"Mansfield Town":[0,0,0,0,0,0,0,0,0,0.057704,0.142823,0.409245,0.346118,0.04411,0,0,0,0,0,0,0,0,0,0,0],"Northampton 