{"generated_at":"2026-04-25T08:24:20.110Z","sims":1000000,"season":"2025/2026","last_result_date":"2026-04-24","tiers":[{"tier":1,"division":"Premier League","teams":["AFC Bournemouth","Arsenal","Aston Villa","Brentford","Brighton & Hove Albion","Burnley","Chelsea","Crystal Palace","Everton","Fulham","Leeds United","Liverpool","Manchester City","Manchester United","Newcastle United","Nottingham Forest","Sunderland","Tottenham Hotspur","West Ham United","Wolverhampton Wanderers"],"basePoints":[49,70,58,48,50,20,48,43,47,45,40,55,70,58,42,39,46,31,33,17],"fixtures":[[0,7,0.5478563330893913,0.2648438825889845,0.18729978432162422],[0,12,0.2422371024910659,0.2809766127619737,0.4767862847469604],[1,5,0.8140633468430823,0.1470678389090138,0.0388688142479039],[1,9,0.6357747680817176,0.2360323594508901,0.12819287246739233],[1,14,0.662089917147344,0.22552657982490376,0.11238350302775228],[2,11,0.4106278246410216,0.2899189706015388,0.29945320475743964],[2,17,0.7014265587452191,0.20818189889544123,0.09039154235933967],[3,7,0.5101185623458442,0.27422411065098373,0.21565732700317206],[3,18,0.5438281826297469,0.26593161421219147,0.1902402031580617],[4,13,0.3517442713961444,0.29247688101583424,0.3557788475880213],[4,19,0.6455725753372127,0.23222265305456272,0.12220477160822471],[5,2,0.11239629983937267,0.2255356884645065,0.6620680116961208],[5,19,0.3198099269099149,0.29149858420658026,0.38869148888350474],[6,15,0.3970425130167766,0.2909822653494076,0.31197522163381586],[6,17,0.5987764890035426,0.249334858109609,0.1518886528868484],[7,1,0.185133219088266,0.2640242771724729,0.5508425037392611],[7,8,0.3527581416943852,0.29247941521561704,0.3547624430899977],[8,12,0.18368598419415863,0.2634680937193524,0.552845922086489],[8,16,0.5111510561954509,0.2739917726489817,0.21485717115556732],[9,0,0.3023482082353435,0.2901913139114622,0.4074604778531944],[9,2,0.2966190131720217,0.289636636416203,0.41374435041177526],[9,14,0.4431953327426237,0.2862791294172277,0.27052553784014854],[10,4,0.36703846417393615,0.2923360258011032,0.34062551002496066],[10,5,0.6854608813125294,0.21546088264790694,0.09907823603956384],[11,3,0.45792171765008444,0.2841438435238542,0.2579344388260614],[11,6,0.5357312629877969,0.2680558257301918,0.1962129112820113],[11,7,0.5548712333029546,0.26290068609586137,0.18222808060118392],[12,2,0.5843878082650227,0.2540464652183357,0.16156572651664175],[12,3,0.6248958463311816,0.24012141700577389,0.1349827366630446],[12,7,0.704545858687989,0.20672120415200756,0.08873293716000341],[13,3,0.4747179580831941,0.28134724741644684,0.243934794500359],[13,11,0.4284693900866082,0.2881123076222588,0.2834183022911329],[13,15,0.5377604207959416,0.26753129672469633,0.19470828247936217],[14,4,0.3071583805359649,0.2906083768439008,0.40223324262013427],[14,18,0.4389866877206774,0.28683415238904647,0.27417915989027614],[15,0,0.3120000938042774,0.29098408349543003,0.3970158227002925],[15,14,0.45371571120679005,0.2847841587712682,0.26150013002194183],[16,6,0.3527581416943853,0.29247941521561704,0.3547624430899976],[16,13,0.2270724622464629,0.27734891985892624,0.4955786178946109],[17,8,0.2038696975377562,0.27061753773781333,0.5255127647244305],[17,10,0.20697749531944315,0.2716072677633019,0.5214152369172549],[18,1,0.16224329706142862,0.254362170946122,0.5833945319924494],[18,8,0.3198099269099149,0.29149858420658026,0.38869148888350474],[18,10,0.3237428399655021,0.2917156183898149,0.38454154164468307],[19,9,0.2535364136895367,0.28331436970565566,0.4631492166048077],[19,16,0.310059687280171,0.29083878005706487,0.3991015326627641],[19,17,0.43898668772067756,0.28683415238904647,0.274179159890276]],"posProbs":{"AFC Bournemouth":[0,0,0,0.000003,0.000189,0.013209,0.178015,0.20341,0.186388,0.159083,0.123072,0.078298,0.038707,0.015248,0.00389,0.000473,0.000015,0,0,0,0],"Arsenal":[0,0.583342,0.41658,0.000077,0.000001,0,0,0,0,0,0,0,0,0,0,0,0,0,0,0,0],"Aston Villa":[0,0.000001,0.000324,0.445847,0.400993,0.149013,0.003542,0.000263,0.000016,0.000001,0,0,0,0,0,0,0,0,0,0,0],"Brentford":[0,0,0,0.000043,0.000982,0.019873,0.134465,0.165804,0.176271,0.171769,0.150983,0.097081,0.05148,0.022641,0.007315,0.001253,0.00004,0,0,0,0],"Brighton & Hove Albion":[0,0,0,0.000048,0.002004,0.041462,0.350204,0.231057,0.159865,0.107641,0.064689,0.029188,0.010496,0.002822,0.000491,0.000033,0,0,0,0,0],"Burnley":[0,0,0,0,0,0,0,0,0,0,0,0,0,0,0,0,0,0,0.000016,0.460573,0.539411],"Chelsea":[0,0,0,0,0.000069,0.009139,0.083796,0.132605,0.164653,0.181679,0.177211,0.129058,0.078493,0.031767,0.009753,0.001668,0.000109,0,0,0,0],"Crystal Palace":[0,0,0,0,0,0.000179,0.003534,0.008564,0.015064,0.025189,0.041695,0.075079,0.128028,0.205161,0.228089,0.201241,0.067059,0.001118,0,0,0],"Everton":[0,0,0,0.000001,0.000246,0.011818,0.139687,0.164176,0.167597,0.161464,0.143265,0.10164,0.064389,0.031263,0.011584,0.002739,0.000131,0,0,0,0],"Fulham":[0,0,0,0,0.000006,0.00083,0.02328,0.044339,0.067361,0.095555,0.135866,0.2027,0.181411,0.126959,0.078824,0.037183,0.005666,0.00002,0,0,0],"Leeds United":[0,0,0,0,0,0,0,0.000038,0.000539,0.003594,0.013448,0.038474,0.089837,0.175504,0.243759,0.292376,0.131629,0.010494,0.000308,0,0],"Liverpool":[0,0,0.000001,0.10736,0.210224,0.595176,0.062835,0.017015,0.005409,0.001647,0.000313,0.000019,0.000001,0,0,0,0,0,0,0,0],"Manchester City":[0,0.416656,0.582896,0.000435,0.000013,0,0,0,0,0,0,0,0,0,0,0,0,0,0,0,0],"Manchester United":[0,0.000001,0.000199,0.446186,0.385273,0.159101,0.008227,0.000929,0.00008,0.000004,0,0,0,0,0,0,0,0,0,0,0],"Newcastle United":[0,0,0,0,0,0.000007,0.000912,0.003018,0.006772,0.013899,0.029196,0.065143,0.109783,0.179222,0.228513,0.227684,0.128122,0.007702,0.000027,0,0],"Nottingham Forest":[0,0,0,0,0,0,0,0.000003,0.000016,0.000141,0.001081,0.004167,0.013565,0.041558,0.091035,0.188685,0.598131,0.060128,0.00149,0,0],"Sunderland":[0,0,0,0,0,0.000193,0.011503,0.028779,0.049969,0.078334,0.11918,0.179145,0.23373,0.167147,0.0936,0.03501,0.003407,0.000003,0,0,0],"Tottenham Hotspur":[0,0,0,0,0,0,0,0,0,0,0,0,0,0.000006,0.000073,0.00059,0.005945,0.192378,0.800673,0.000335,0],"West Ham United":[0,0,0,0,0,0,0,0,0,0,0.000001,0.000008,0.00008,0.000702,0.003074,0.011065,0.059746,0.728157,0.197167,0,0],"Wolverhampton Wanderers":[0,0,0,0,0,0,0,0,0,0,0,0,0,0,0,0,0,0,0.000319,0.539092,0.460589]},"examples":{"AFC Bournemouth":{"3":[0,0,0,1,1,2,1,2,0,0,0,1,0,1,0,1,2,1,0,2,1,1,1,0,2,2,2,0,0,0,2,2,1,2,0,2,0,0,1,0,2,2,2,0,2,2,0],"4":[0,0,1,1,0,0,0,0,1,1,0,1,1,1,0,0,0,0,1,2,0,1,2,2,1,2,2,0,1,0,2,1,1,0,2,2,2,0,0,2,2,2,0,2,2,0,0],"5":[0,0,0,0,0,0,0,0,2,0,0,2,2,1,0,2,0,1,0,2,2,1,1,0,2,0,2,1,0,1,1,2,2,1,0,2,1,1,2,1,1,0,2,2,0,0,2],"6":[0,0,0,0,0,2,2,1,1,0,0,2,0,1,0,0,2,1,0,1,2,0,1,0,1,0,0,0,1,0,0,0,1,1,0,2,1,2,0,0,0,0,1,0,1,0,0],"7":[0,0,0,0,0,0,1,2,0,0,0,2,2,2,1,2,2,0,1,2,1,2,0,2,2,1,1,0,2,0,2,0,1,2,0,0,1,0,2,2,1,2,0,0,1,0,1],"8":[0,2,0,1,0,1,1,2,2,2,1,2,2,2,2,2,0,2,1,1,2,0,0,0,0,0,0,0,0,1,2,0,2,0,0,0,0,0,0,2,2,1,2,2,2,1,1],"9":[0,2,2,0,0,0,0,0,1,2,2,2,0,0,0,2,2,2,0,0,2,2,1,1,2,0,2,0,1,0,0,0,1,1,2,0,2,0,1,0,0,2,1,2,1,1,0],"10":[1,2,0,0,1,1,1,0,1,0,0,2,2,0,0,2,0,1,0,2,1,1,2,0,0,2,0,1,0,0,2,2,0,2,0,0,0,1,0,2,0,0,1,2,2,0,0],"11":[0,2,0,2,0,0,0,1,0,1,0,2,0,1,0,1,0,2,1,0,2,2,0,0,1,0,1,0,0,0,1,1,1,0,0,1,2,0,2,2,1,1,2,1,2,2,0],"12":[2,1,0,0,2,1,0,0,0,0,1,2,0,0,0,2,0,1,2,1,2,2,1,0,2,1,0,0,1,0,1,1,0,1,0,1,0,0,2,1,2,0,2,2,2,2,0],"13":[2,2,0,0,0,2,0,1,0,2,0,0,1,1,0,2,1,2,0,0,1,2,2,0,0,1,1,2,0,0,0,1,0,1,1,0,1,1,0,2,2,2,2,1,2,0,0],"14":[2,2,2,0,0,0,0,2,0,1,0,2,1,0,0,2,1,2,2,1,2,0,0,0,0,0,0,2,1,0,0,2,0,1,0,0,0,0,0,2,2,2,0,2,2,2,0],"15":[2,2,0,0,0,0,1,0,2,0,0,1,0,2,1,1,0,1,0,0,1,0,2,0,1,0,1,0,0,0,1,1,2,2,2,0,0,1,1,1,2,2,2,2,2,2,0],"16":[2,2,2,0,2,0,0,0,0,2,0,2,2,2,0,0,2,2,0,0,0,0,0,0,2,0,1,0,0,0,0,1,2,0,0,0,0,1,0,0,2,2,2,2,0,2,0]},"Arsenal":{"1":[0,0,0,0,0,2,2,1,1,0,0,2,0,1,0,0,2,1,0,1,2,0,1,0,1,0,0,0,1,0,0,0,1,1,0,2,1,2,0,0,0,0,1,0,1,0,0],"2":[1,2,0,0,1,1,1,0,1,0,0,2,2,0,0,2,0,1,0,2,1,1,2,0,0,2,0,1,0,0,2,2,0,2,0,0,0,1,0,2,0,0,1,2,2,0,0],"3":[2,2,1,1,1,2,0,2,0,2,0,2,0,0,1,0,1,0,0,2,1,1,0,0,0,1,0,0,0,0,0,0,0,2,0,2,2,2,2,2,2,0,0,0,0,2,0],"4":[0,1,1,1,2,0,0,0,0,2,0,2,1,0,0,0,0,1,0,2,2,0,1,2,0,0,0,2,0,0,0,0,0,1,2,1,1,1,2,2,2,0,0,1,0,1,0]},"Aston Villa":{"1":[1,0,1,1,2,0,0,1,2,2,0,2,0,2,0,0,2,0,0,2,2,2,1,0,1,0,0,2,0,2,0,0,1,2,1,0,2,2,0,2,0,0,0,2,1,2,0],"2":[1,1,0,0,0,0,0,1,2,0,0,2,1,2,0,1,2,0,0,0,2,1,0,1,0,0,1,2,2,1,0,2,2,2,0,2,0,1,1,1,1,1,2,2,2,2,2],"3":[0,2,0,0,1,0,0,0,0,2,1,2,0,1,0,1,1,1,0,0,1,1,0,0,2,0,0,1,0,1,2,2,0,2,0,0,0,0,2,1,2,0,2,0,0,2,2],"4":[1,2,0,0,1,1,1,0,1,0,0,2,2,0,0,2,0,1,0,2,1,1,2,0,0,2,0,1,0,0,2,2,0,2,0,0,0,1,0,2,0,0,1,2,2,0,0],"5":[0,0,0,0,0,2,2,1,1,0,0,2,0,1,0,0,2,1,0,1,2,0,1,0,1,0,0,0,1,0,0,0,1,1,0,2,1,2,0,0,0,0,1,0,1,0,0],"6":[0,0,0,0,0,2,0,2,1,2,0,0,0,2,0,2,1,1,0,2,0,1,2,1,1,0,0,0,2,0,0,1,0,2,0,2,1,2,2,2,1,1,0,2,2,1,0],"7":[0,1,2,2,2,1,2,0,0,2,1,0,1,1,2,2,2,0,0,0,0,2,2,1,1,0,0,0,1,0,2,0,0,2,0,0,0,2,1,2,0,2,1,0,0,0,2],"8":[0,1,0,0,0,2,2,0,0,0,0,1,0,0,2,2,1,0,0,0,0,0,2,0,2,2,0,0,0,0,2,0,1,2,1,2,1,2,2,2,2,2,2,1,2,1,0],"9":[0,0,0,0,0,2,2,1,0,1,0,0,1,0,0,2,0,2,1,2,0,0,2,2,0,2,0,0,2,1,2,0,0,1,0,2,1,2,2,2,1,2,0,1,1,2,1]},"Brentford":{"3":[1,1,0,0,0,2,2,0,0,1,0,1,0,2,0,2,1,0,2,2,1,2,1,0,2,1,0,2,2,0,2,0,2,2,0,2,0,2,1,2,2,2,0,2,2,2,0],"4":[0,0,0,0,0,0,1,0,0,0,0,2,2,0,0,1,1,2,0,2,0,1,2,0,2,2,0,2,0,2,2,1,1,1,0,1,1,0,0,2,1,2,2,1,1,2,1],"5":[0,0,0,0,0,0,1,2,0,0,0,2,2,2,1,2,2,0,1,2,1,2,0,2,2,1,1,0,2,0,2,0,1,2,0,0,1,0,2,2,1,2,0,0,1,0,1],"6":[0,2,0,0,1,0,0,0,0,2,1,2,0,1,0,1,1,1,0,0,1,1,0,0,2,0,0,1,0,1,2,2,0,2,0,0,0,0,2,1,2,0,2,0,0,2,2],"7":[0,2,0,2,0,0,0,1,0,1,0,2,0,1,0,1,0,2,1,0,2,2,0,0,1,0,1,0,0,0,1,1,1,0,0,1,2,0,2,2,1,1,2,1,2,2,0],"8":[0,2,2,0,0,0,0,1,0,1,0,2,0,1,0,2,0,0,0,1,2,0,0,0,0,2,1,1,0,0,2,2,2,1,0,1,0,0,2,2,2,2,1,2,1,2,0],"9":[1,2,0,0,1,1,1,0,1,0,0,2,2,0,0,2,0,1,0,2,1,1,2,0,0,2,0,1,0,0,2,2,0,2,0,0,0,1,0,2,0,0,1,2,2,0,0],"10":[0,0,0,0,0,2,2,1,1,0,0,2,0,1,0,0,2,1,0,1,2,0,1,0,1,0,0,0,1,0,0,0,1,1,0,2,1,2,0,0,0,0,1,0,1,0,0],"11":[0,1,0,1,0,1,0,2,2,0,1,2,2,1,1,2,1,2,2,2,1,2,2,0,2,0,1,1,0,1,1,0,0,2,2,2,2,2,0,2,2,2,2,0,2,0,1],"12":[0,2,0,1,0,1,1,2,2,2,1,2,2,2,2,2,0,2,1,1,2,0,0,0,0,0,0,0,0,1,2,0,2,0,0,0,0,0,0,2,2,1,2,2,2,1,1],"13":[1,1,0,0,0,2,0,2,0,2,0,2,0,1,2,1,2,0,2,1,2,0,0,0,0,2,1,0,0,0,0,1,0,2,2,0,2,1,1,2,2,2,2,2,2,0,0],"14":[1,2,0,2,2,0,0,2,1,1,2,0,2,2,0,2,2,0,2,0,2,2,0,0,0,0,1,1,0,0,0,2,2,1,1,1,1,1,2,2,2,2,2,2,1,1,1],"15":[1,2,0,0,2,0,0,2,1,1,0,2,2,0,0,1,0,2,2,1,0,1,1,0,0,1,0,0,1,1,0,0,1,0,1,0,1,0,2,1,2,1,2,2,0,0,1],"16":[0,1,1,0,1,2,2,2,2,2,0,2,0,2,1,1,0,1,1,0,1,2,1,0,0,0,1,0,0,0,0,0,0,0,0,0,0,0,0,2,2,1,1,1,0,2,2]},"Brighton & Hove Albion":{"3":[0,2,0,0,0,1,1,1,0,0,0,0,2,0,1,2,0,2,1,2,1,1,2,1,1,0,2,0,2,1,2,1,1,2,2,2,0,2,0,2,2,2,2,0,2,1,2],"4":[2,2,0,0,1,2,0,2,0,0,0,1,1,0,1,2,0,0,0,1,0,2,2,0,2,1,0,0,0,0,1,0,1,2,0,1,1,0,2,0,1,1,0,1,1,2,2],"5":[1,2,0,0,1,1,1,0,1,0,0,2,2,0,0,2,0,1,0,2,1,1,2,0,0,2,0,1,0,0,2,2,0,2,0,0,0,1,0,2,0,0,1,2,2,0,0],"6":[0,2,0,2,0,0,0,1,0,1,0,2,0,1,0,1,0,2,1,0,2,2,0,0,1,0,1,0,0,0,1,1,1,0,0,1,2,0,2,2,1,1,2,1,2,2,0],"7":[0,0,0,0,0,2,2,1,1,0,0,2,0,1,0,0,2,1,0,1,2,0,1,0,1,0,0,0,1,0,0,0,1,1,0,2,1,2,0,0,0,0,1,0,1,0,0],"8":[0,2,0,0,1,0,0,0,0,2,1,2,0,1,0,1,1,1,0,0,1,1,0,0,2,0,0,1,0,1,2,2,0,2,0,0,0,0,2,1,2,0,2,0,0,2,2],"9":[0,0,0,1,0,1,0,0,0,2,1,0,1,0,0,0,2,0,0,2,1,2,2,2,2,0,0,0,0,1,0,0,0,1,0,1,2,0,0,2,1,2,2,2,1,0,1],"10":[0,2,2,0,0,0,0,0,1,2,2,2,0,0,0,2,2,2,0,0,2,2,1,1,2,0,2,0,1,0,0,0,1,1,2,0,2,0,1,0,0,2,1,2,1,1,0],"11":[0,2,0,2,0,1,0,1,2,2,0,1,2,0,0,2,0,2,1,2,0,2,0,1,0,0,0,2,2,0,1,0,0,0,0,0,1,0,1,2,1,2,1,1,2,2,0],"12":[1,0,0,0,0,0,1,0,0,2,1,2,1,1,0,0,0,2,2,0,0,0,0,0,2,0,0,0,0,0,0,2,0,0,2,2,1,1,2,1,0,1,2,0,2,2,1],"13":[0,2,0,1,0,1,1,2,2,2,1,2,2,2,2,2,0,2,1,1,2,0,0,0,0,0,0,0,0,1,2,0,2,0,0,0,0,0,0,2,2,1,2,2,2,1,1],"14":[1,1,0,0,1,1,0,2,0,2,2,2,2,0,0,2,0,2,1,0,0,1,0,0,2,2,1,1,1,0,1,2,0,0,2,0,1,0,1,2,2,2,1,1,1,0,1],"15":[2,1,0,2,1,1,1,0,0,2,2,2,0,0,0,1,2,1,1,1,2,2,0,0,1,0,0,0,0,2,0,2,2,0,2,2,1,2,2,1,2,2,0,2,2,2,2],"16":[2,0,0,2,1,2,2,2,1,2,2,2,0,2,0,2,1,1,2,0,2,1,0,0,0,0,0,0,0,1,2,1,2,0,0,0,0,1,0,2,2,2,0,2,1,0,2]},"Burnley":{"18":[0,2,2,0,2,0,0,2,1,0,0,0,0,1,0,2,1,1,0,1,0,1,0,2,1,2,0,0,0,0,2,0,0,0,0,0,1,1,1,1,2,2,0,0,2,1,0],"19":[0,2,0,0,1,0,0,0,0,2,1,2,0,1,0,1,1,1,0,0,1,1,0,0,2,0,0,1,0,1,2,2,0,2,0,0,0,0,2,1,2,0,2,0,0,2,2],"20":[1,2,0,0,1,1,1,0,1,0,0,2,2,0,0,2,0,1,0,2,1,1,2,0,0,2,0,1,0,0,2,2,0,2,0,0,0,1,0,2,0,0,1,2,2,0,0]},"Chelsea":{"4":[0,1,0,0,0,1,1,0,0,2,1,0,2,0,0,2,2,0,0,1,0,2,1,0,2,2,1,0,0,1,0,1,0,2,1,2,2,2,2,1,0,2,1,0,2,1,0],"5":[1,2,0,2,0,0,1,0,0,1,2,1,2,0,0,2,0,1,1,0,2,0,0,0,0,2,1,0,0,1,0,0,0,1,0,2,0,2,1,2,2,0,2,1,1,0,0],"6":[1,2,0,0,1,1,0,0,0,2,0,2,2,0,0,2,1,2,0,0,1,1,2,0,0,2,0,0,0,0,0,2,0,1,0,2,0,2,2,1,1,2,2,2,1,0,1],"7":[1,2,0,0,1,1,1,0,1,0,0,2,2,0,0,2,0,1,0,2,1,1,2,0,0,2,0,1,0,0,2,2,0,2,0,0,0,1,0,2,0,0,1,2,2,0,0],"8":[0,0,0,0,0,2,2,1,1,0,0,2,0,1,0,0,2,1,0,1,2,0,1,0,1,0,0,0,1,0,0,0,1,1,0,2,1,2,0,0,0,0,1,0,1,0,0],"9":[0,2,2,0,0,0,0,1,0,1,0,2,0,1,0,2,0,0,0,1,2,0,0,0,0,2,1,1,0,0,2,2,2,1,0,1,0,0,2,2,2,2,1,2,1,2,0],"10":[0,2,0,0,0,1,0,0,0,0,0,1,0,0,1,2,1,1,0,2,2,0,2,0,2,0,0,0,0,0,0,0,1,2,2,1,1,0,2,0,2,2,0,2,2,2,0],"11":[0,2,0,0,1,0,0,0,0,2,1,2,0,1,0,1,1,1,0,0,1,1,0,0,2,0,0,1,0,1,2,2,0,2,0,0,0,0,2,1,2,0,2,0,0,2,2],"12":[1,2,0,0,1,0,0,2,0,0,0,0,1,2,2,2,0,2,0,2,2,1,1,0,2,0,0,2,0,1,0,1,0,0,2,1,0,1,2,2,0,2,0,2,2,1,0],"13":[0,2,0,2,0,0,0,1,0,1,0,2,0,1,0,1,0,2,1,0,2,2,0,0,1,0,1,0,0,0,1,1,1,0,0,1,2,0,2,2,1,1,2,1,2,2,0],"14":[0,2,0,0,0,1,0,1,2,1,0,2,1,2,2,0,2,2,1,2,0,0,1,0,0,1,2,0,0,0,2,1,0,1,2,1,0,0,1,2,2,2,0,2,2,2,2],"15":[0,1,0,1,2,0,0,2,1,0,0,1,1,1,1,1,0,1,0,0,0,2,0,0,0,0,0,0,2,0,0,0,0,0,0,0,1,0,0,1,1,0,1,2,2,2,0],"16":[0,2,0,1,0,1,1,2,2,2,1,2,2,2,2,2,0,2,1,1,2,0,0,0,0,0,0,0,0,1,2,0,2,0,0,0,0,0,0,2,2,1,2,2,2,1,1]},"Crystal Palace":{"4":[2,2,1,1,0,2,1,2,0,2,0,1,2,2,0,0,0,2,1,0,0,2,2,0,0,2,2,1,1,2,0,0,0,0,0,2,0,0,1,0,2,1,1,1,2,2,0],"5":[2,1,0,0,1,1,0,2,1,2,2,2,2,2,2,0,1,2,0,0,0,1,2,0,2,2,2,0,2,0,0,0,0,1,0,1,1,1,2,1,2,2,2,2,2,0,1],"6":[2,2,0,0,0,1,0,2,0,1,0,2,2,1,2,0,1,1,0,2,1,0,0,1,2,1,2,0,1,0,0,0,0,0,1,0,0,1,0,2,2,0,0,2,2,0,1],"7":[2,2,0,2,1,2,2,2,2,1,0,0,0,1,0,0,0,2,0,2,2,0,2,0,2,0,0,0,0,0,1,0,0,1,1,2,0,1,2,2,1,2,1,2,1,1,0],"8":[2,0,1,0,0,2,0,2,0,0,0,1,2,2,2,1,1,2,0,2,1,0,2,1,0,1,2,0,1,1,0,2,1,1,1,1,2,2,0,2,1,2,0,0,1,0,1],"9":[0,2,0,0,1,0,0,1,2,2,0,2,2,2,1,2,0,2,1,2,2,0,1,0,0,2,2,0,0,2,0,0,0,2,1,1,0,0,0,1,2,2,2,1,0,1,0],"10":[1,2,0,0,1,0,0,2,0,0,0,0,1,2,2,2,0,2,0,2,2,1,1,0,2,0,0,2,0,1,0,1,0,0,2,1,0,1,2,2,0,2,0,2,2,1,0],"11":[2,2,0,2,0,2,0,0,1,2,0,2,1,2,0,2,0,0,0,2,1,0,0,0,2,1,2,2,0,1,0,1,0,2,1,2,2,2,2,1,2,2,1,0,0,0,0],"12":[1,1,0,0,0,1,0,1,0,2,1,2,1,2,0,1,2,2,1,1,0,0,1,0,1,0,1,0,2,2,1,2,0,1,0,1,1,2,2,1,2,0,0,0,2,1,1],"13":[1,2,0,0,1,1,1,0,1,0,0,2,2,0,0,2,0,1,0,2,1,1,2,0,0,2,0,1,0,0,2,2,0,2,0,0,0,1,0,2,0,0,1,2,2,0,0],"14":[0,2,0,2,0,0,0,1,0,1,0,2,0,1,0,1,0,2,1,0,2,2,0,0,1,0,1,0,0,0,1,1,1,0,0,1,2,0,2,2,1,1,2,1,2,2,0],"15":[0,2,0,0,1,0,0,0,0,2,1,2,0,1,0,1,1,1,0,0,1,1,0,0,2,0,0,1,0,1,2,2,0,2,0,0,0,0,2,1,2,0,2,0,0,2,2],"16":[0,2,0,0,0,0,0,1,0,2,0,0,0,2,0,2,2,0,2,2,1,1,2,0,2,0,0,0,0,1,0,2,2,2,0,2,2,1,1,1,2,2,2,2,0,0,0],"17":[0,1,0,0,0,0,0,0,1,1,0,2,0,2,2,2,2,0,0,1,1,0,1,0,0,1,0,0,2,0,2,0,0,1,2,0,2,2,2,1,1,0,0,0,0,0,0]},"Everton":{"3":[0,2,0,0,0,2,2,0,0,0,1,1,0,0,1,2,2,0,0,1,0,1,0,0,2,2,0,1,1,0,2,0,2,2,1,1,2,2,1,2,1,1,2,2,1,1,0],"4":[0,0,0,1,2,1,1,1,0,2,0,1,1,0,2,1,2,0,0,2,0,2,0,0,0,0,2,0,0,1,2,2,2,2,1,1,0,2,0,2,0,1,2,0,0,2,2],"5":[0,0,0,1,0,1,0,0,0,2,1,0,1,0,0,0,2,0,0,2,1,2,2,2,2,0,0,0,0,1,0,0,0,1,0,1,2,0,0,2,1,2,2,2,1,0,1],"6":[0,2,0,1,0,1,1,2,2,2,1,2,2,2,2,2,0,2,1,1,2,0,0,0,0,0,0,0,0,1,2,0,2,0,0,0,0,0,0,2,2,1,2,2,2,1,1],"7":[0,2,0,0,1,0,0,0,0,2,1,2,0,1,0,1,1,1,0,0,1,1,0,0,2,0,0,1,0,1,2,2,0,2,0,0,0,0,2,1,2,0,2,0,0,2,2],"8":[1,2,0,0,1,1,1,0,1,0,0,2,2,0,0,2,0,1,0,2,1,1,2,0,0,2,0,1,0,0,2,2,0,2,0,0,0,1,0,2,0,0,1,2,2,0,0],"9":[0,0,0,0,0,2,2,1,1,0,0,2,0,1,0,0,2,1,0,1,2,0,1,0,1,0,0,0,1,0,0,0,1,1,0,2,1,2,0,0,0,0,1,0,1,0,0],"10":[0,1,0,0,2,1,1,0,0,1,0,1,2,2,0,2,0,0,0,2,2,0,2,0,1,2,2,0,1,0,2,2,0,0,0,2,0,2,0,1,2,2,1,0,1,1,2],"11":[0,1,0,1,0,1,0,1,1,2,0,2,0,1,0,2,2,2,2,1,2,0,0,0,0,0,1,0,0,0,0,1,0,1,1,1,0,2,2,0,2,1,0,0,2,0,2],"12":[0,2,0,2,0,1,0,1,0,1,0,2,1,0,0,2,0,2,0,2,1,2,0,0,1,0,0,0,0,2,1,2,0,1,2,2,0,0,2,0,0,1,1,2,2,2,1],"13":[1,1,0,0,1,1,0,1,0,0,0,0,1,0,0,2,1,2,2,1,2,2,0,2,0,0,2,0,0,0,0,2,1,0,0,0,0,1,2,0,2,1,1,1,2,2,0],"14":[0,0,0,0,0,2,2,1,0,1,2,2,0,0,0,2,0,2,0,0,1,0,0,0,1,0,2,2,0,0,0,0,0,2,2,1,2,0,1,0,2,1,0,1,0,2,0],"15":[2,2,2,1,0,0,0,1,0,2,2,2,2,0,0,2,0,1,2,1,0,1,0,0,1,0,1,2,0,0,0,2,0,0,1,0,2,1,1,0,1,2,1,2,0,1,0],"16":[2,0,0,0,1,0,0,1,1,2,1,2,1,2,1,2,0,2,2,2,1,0,0,0,0,0,2,1,0,0,0,0,2,0,0,0,1,1,2,1,1,0,0,2,1,2,1]},"Fulham":{"4":[0,2,0,2,0,0,0,0,1,1,2,2,2,1,2,1,1,2,2,0,0,0,0,0,1,2,2,1,0,0,2,2,1,2,0,2,2,0,0,2,2,1,2,0,2,0,2],"5":[0,0,0,2,1,0,1,0,2,2,0,2,0,2,1,2,0,2,1,0,0,0,1,1,2,2,2,1,0,0,1,0,0,0,1,0,2,2,0,0,0,2,2,2,0,1,1],"6":[1,0,0,0,0,0,1,0,0,2,1,2,1,1,0,0,0,2,2,0,0,0,0,0,2,0,0,0,0,0,0,2,0,0,2,2,1,1,2,1,0,1,2,0,2,2,1],"7":[1,1,0,0,0,1,0,1,0,2,1,2,1,2,0,1,2,2,1,1,0,0,1,0,1,0,1,0,2,2,1,2,0,1,0,1,1,2,2,1,2,0,0,0,2,1,1],"8":[1,1,0,1,1,2,0,0,1,0,0,1,1,1,0,1,2,2,1,0,0,0,2,0,1,2,0,0,0,0,2,1,0,2,2,1,2,2,1,0,2,2,0,2,1,1,2],"9":[0,2,0,1,0,1,1,2,2,2,1,2,2,2,2,2,0,2,1,1,2,0,0,0,0,0,0,0,0,1,2,0,2,0,0,0,0,0,0,2,2,1,2,2,2,1,1],"10":[0,2,0,2,0,0,0,1,0,1,0,2,0,1,0,1,0,2,1,0,2,2,0,0,1,0,1,0,0,0,1,1,1,0,0,1,2,0,2,2,1,1,2,1,2,2,0],"11":[1,2,0,0,1,1,1,0,1,0,0,2,2,0,0,2,0,1,0,2,1,1,2,0,0,2,0,1,0,0,2,2,0,2,0,0,0,1,0,2,0,0,1,2,2,0,0],"12":[0,2,0,0,1,0,0,0,0,2,1,2,0,1,0,1,1,1,0,0,1,1,0,0,2,0,0,1,0,1,2,2,0,2,0,0,0,0,2,1,2,0,2,0,0,2,2],"13":[0,2,2,0,0,0,0,0,1,2,2,2,0,0,0,2,2,2,0,0,2,2,1,1,2,0,2,0,1,0,0,0,1,1,2,0,2,0,1,0,0,2,1,2,1,1,0],"14":[0,2,0,0,0,0,0,1,0,2,0,0,0,2,0,2,2,0,2,2,1,1,2,0,2,0,0,0,0,1,0,2,2,2,0,2,2,1,1,1,2,2,2,2,0,0,0],"15":[0,0,0,0,0,0,1,2,0,0,0,2,2,2,1,2,2,0,1,2,1,2,0,2,2,1,1,0,2,0,2,0,1,2,0,0,1,0,2,2,1,2,0,0,1,0,1],"16":[0,2,0,0,0,1,0,0,1,1,1,2,0,2,1,2,0,2,0,1,2,2,0,0,0,2,0,1,1,0,0,0,0,2,2,0,1,1,1,2,2,1,0,0,0,0,0],"17":[2,2,0,0,1,0,0,0,0,0,0,2,1,2,0,2,1,2,0,2,2,2,1,0,0,2,0,0,0,0,0,2,1,2,2,0,2,2,0,2,2,0,0,0,0,2,0]},"Leeds United":{"7":[1,2,0,1,0,1,0,1,2,1,1,2,2,0,2,1,0,1,2,1,2,1,0,0,1,0,2,0,0,0,1,2,1,0,1,1,2,0,2,0,2,2,2,2,2,1,0],"8":[0,2,0,1,0,2,0,2,1,1,0,0,1,1,0,1,1,2,0,0,2,2,0,0,1,0,2,1,1,0,1,1,2,0,0,0,0,0,1,2,2,0,2,2,2,1,2],"9":[1,1,0,0,0,2,0,2,0,2,0,2,0,1,2,1,2,0,2,1,2,0,0,0,0,2,1,0,0,0,0,1,0,2,2,0,2,1,1,2,2,2,2,2,2,0,0],"10":[0,2,0,1,0,1,1,2,2,2,1,2,2,2,2,2,0,2,1,1,2,0,0,0,0,0,0,0,0,1,2,0,2,0,0,0,0,0,0,2,2,1,2,2,2,1,1],"11":[0,2,0,0,0,1,0,0,1,1,1,2,0,2,1,2,0,2,0,1,2,2,0,0,0,2,0,1,1,0,0,0,0,2,2,0,1,1,1,2,2,1,0,0,0,0,0],"12":[0,2,2,0,0,0,0,1,0,1,0,2,0,1,0,2,0,0,0,1,2,0,0,0,0,2,1,1,0,0,2,2,2,1,0,1,0,0,2,2,2,2,1,2,1,2,0],"13":[0,2,0,0,1,0,0,0,0,2,1,2,0,1,0,1,1,1,0,0,1,1,0,0,2,0,0,1,0,1,2,2,0,2,0,0,0,0,2,1,2,0,2,0,0,2,2],"14":[0,1,0,0,1,2,0,0,1,2,0,0,2,0,1,1,2,0,0,2,0,0,2,0,0,2,0,1,1,1,2,0,0,0,0,1,1,0,1,1,2,2,2,0,2,1,2],"15":[1,2,0,0,1,1,1,0,1,0,0,2,2,0,0,2,0,1,0,2,1,1,2,0,0,2,0,1,0,0,2,2,0,2,0,0,0,1,0,2,0,0,1,2,2,0,0],"16":[0,0,0,0,0,0,1,2,0,0,0,2,2,2,1,2,2,0,1,2,1,2,0,2,2,1,1,0,2,0,2,0,1,2,0,0,1,0,2,2,1,2,0,0,1,0,1],"17":[0,0,1,0,1,1,1,0,2,2,0,0,1,2,0,0,1,2,0,2,1,0,2,2,1,0,0,0,0,1,0,1,0,2,1,0,2,1,2,0,0,2,0,0,1,0,1],"18":[0,1,0,2,0,1,0,1,0,2,0,2,2,1,1,0,0,2,1,2,2,0,2,1,0,0,0,2,0,0,2,1,1,1,2,2,2,0,0,0,0,1,0,0,0,2,2]},"Liverpool":{"2":[0,0,0,0,1,2,1,1,0,1,1,0,1,1,0,0,1,0,0,1,2,0,2,0,0,0,0,2,2,2,2,2,0,1,2,2,1,1,2,2,0,2,0,2,2,1,1],"3":[1,2,0,0,1,1,1,0,1,0,0,2,2,0,0,2,0,1,0,2,1,1,2,0,0,2,0,1,0,0,2,2,0,2,0,0,0,1,0,2,0,0,1,2,2,0,0],"4":[0,2,0,1,0,1,1,2,2,2,1,2,2,2,2,2,0,2,1,1,2,0,0,0,0,0,0,0,0,1,2,0,2,0,0,0,0,0,0,2,2,1,2,2,2,1,1],"5":[0,2,0,0,1,0,0,0,0,2,1,2,0,1,0,1,1,1,0,0,1,1,0,0,2,0,0,1,0,1,2,2,0,2,0,0,0,0,2,1,2,0,2,0,0,2,2],"6":[0,2,0,0,0,1,0,0,0,0,0,1,0,0,1,2,1,1,0,2,2,0,2,0,2,0,0,0,0,0,0,0,1,2,2,1,1,0,2,0,2,2,0,2,2,2,0],"7":[0,0,0,0,0,2,0,0,0,2,2,1,0,0,0,0,2,2,0,2,1,2,0,0,2,2,0,0,2,0,1,0,0,1,0,2,0,2,2,2,2,1,2,0,2,0,0],"8":[0,0,0,0,0,0,1,2,0,0,0,2,2,2,1,2,2,0,1,2,1,2,0,2,2,1,1,0,2,0,2,0,1,2,0,0,1,0,2,2,1,2,0,0,1,0,1],"9":[0,0,0,2,1,0,1,0,2,2,0,2,0,2,1,2,0,2,1,0,0,0,1,1,2,2,2,1,0,0,1,0,0,0,1,0,2,2,0,0,0,2,2,2,0,1,1],"10":[0,1,1,2,0,0,1,2,1,0,1,2,1,0,0,2,1,0,0,1,1,2,1,0,2,2,2,0,0,0,2,0,0,2,0,0,1,0,0,2,0,2,1,2,2,2,0],"11":[2,0,0,2,0,0,1,2,0,0,0,2,2,0,1,0,0,0,2,0,0,0,2,0,2,2,1,1,2,0,0,0,2,2,0,0,0,0,0,2,2,1,2,0,1,2,1],"12":[2,1,0,1,1,0,1,0,0,2,0,2,2,0,0,0,2,2,2,1,0,0,1,0,2,2,2,1,0,2,0,0,0,1,1,2,0,0,2,2,2,2,2,1,2,2,1]},"Manchester City":{"1":[1,2,0,0,1,1,1,0,1,0,0,2,2,0,0,2,0,1,0,2,1,1,2,0,0,2,0,1,0,0,2,2,0,2,0,0,0,1,0,2,0,0,1,2,2,0,0],"2":[0,0,0,0,0,2,2,1,1,0,0,2,0,1,0,0,2,1,0,1,2,0,1,0,1,0,0,0,1,0,0,0,1,1,0,2,1,2,0,0,0,0,1,0,1,0,0],"3":[1,1,0,0,0,0,0,1,2,0,0,2,1,2,0,1,2,0,0,0,2,1,0,1,0,0,1,2,2,1,0,2,2,2,0,2,0,1,1,1,1,1,2,2,2,2,2],"4":[0,0,0,1,1,0,0,0,1,2,1,2,2,1,2,2,0,1,0,0,2,0,2,0,0,2,0,2,2,1,0,0,0,2,0,1,0,1,2,2,1,1,0,1,2,2,1]},"Manchester United":{"1":[2,1,1,2,1,1,0,2,0,2,1,2,1,2,0,0,2,0,1,1,2,0,2,2,0,1,2,1,1,2,0,0,0,0,2,1,0,0,2,2,2,1,0,2,0,2,0],"2":[2,0,0,0,0,2,0,0,1,2,0,2,2,1,0,1,1,0,0,0,1,2,2,2,0,2,1,2,2,1,0,0,0,0,1,0,2,2,1,0,1,2,0,1,1,2,2],"3":[0,0,0,0,0,2,2,1,1,0,0,2,0,1,0,0,2,1,0,1,2,0,1,0,1,0,0,0,1,0,0,0,1,1,0,2,1,2,0,0,0,0,1,0,1,0,0],"4":[0,2,0,0,1,0,0,0,0,2,1,2,0,1,0,1,1,1,0,0,1,1,0,0,2,0,0,1,0,1,2,2,0,2,0,0,0,0,2,1,2,0,2,0,0,2,2],"5":[0,2,0,1,0,1,1,2,2,2,1,2,2,2,2,2,0,2,1,1,2,0,0,0,0,0,0,0,0,1,2,0,2,0,0,0,0,0,0,2,2,1,2,2,2,1,1],"6":[1,2,0,0,1,1,1,0,1,0,0,2,2,0,0,2,0,1,0,2,1,1,2,0,0,2,0,1,0,0,2,2,0,2,0,0,0,1,0,2,0,0,1,2,2,0,0],"7":[0,1,1,0,0,0,0,1,2,0,0,1,0,1,2,2,0,1,2,2,2,2,0,2,0,0,0,2,1,0,2,2,2,2,2,2,0,2,0,2,1,2,0,0,2,1,1],"8":[0,0,0,0,0,0,0,2,0,0,0,2,1,1,2,0,0,2,0,2,0,2,2,1,2,0,0,0,1,0,2,2,2,2,1,1,1,0,0,2,0,2,0,2,1,1,0],"9":[0,0,0,2,0,0,0,0,0,0,1,1,2,0,0,2,1,0,0,2,1,1,2,1,1,1,2,0,1,2,2,2,2,2,2,1,1,2,0,2,2,2,0,0,1,2,0],"10":[1,0,2,2,2,1,1,2,0,0,2,2,2,0,0,0,0,2,2,2,2,0,2,1,2,2,2,2,2,2,2,2,2,2,2,2,0,2,0,0,0,0,0,0,2,0,0]},"Newcastle United":{"5":[0,2,0,0,2,0,0,2,0,1,1,2,2,1,2,1,2,1,1,1,2,2,2,0,2,2,2,0,0,0,0,1,0,0,0,0,2,0,2,0,2,2,0,1,2,2,2],"6":[0,1,0,2,2,0,0,0,1,2,1,1,1,2,0,2,0,2,0,0,0,2,2,0,1,0,0,0,0,1,1,0,0,0,0,2,2,1,0,2,2,1,0,1,2,2,0],"7":[0,1,1,1,2,1,0,2,2,1,1,2,2,2,2,2,1,2,0,1,2,2,1,0,1,0,1,0,0,0,1,1,0,0,0,1,0,2,2,0,2,1,1,1,2,0,0],"8":[0,1,0,1,2,0,0,2,1,0,0,1,1,1,1,1,0,1,0,0,0,2,0,0,0,0,0,0,2,0,0,0,0,0,0,0,1,0,0,1,1,0,1,2,2,2,0],"9":[0,2,0,2,0,0,0,1,0,1,0,2,0,1,0,1,0,2,1,0,2,2,0,0,1,0,1,0,0,0,1,1,1,0,0,1,2,0,2,2,1,1,2,1,2,2,0],"10":[2,1,0,0,2,1,0,0,0,0,1,2,0,0,0,2,0,1,2,1,2,2,1,0,2,1,0,0,1,0,1,1,0,1,0,1,0,0,2,1,2,0,2,2,2,2,0],"11":[1,1,0,0,1,1,0,1,0,0,0,0,1,0,0,2,1,2,2,1,2,2,0,2,0,0,2,0,0,0,0,2,1,0,0,0,0,1,2,0,2,1,1,1,2,2,0],"12":[0,2,2,0,0,0,0,0,1,2,2,2,0,0,0,2,2,2,0,0,2,2,1,1,2,0,2,0,1,0,0,0,1,1,2,0,2,0,1,0,0,2,1,2,1,1,0],"13":[0,1,0,0,1,2,0,0,1,2,0,0,2,0,1,1,2,0,0,2,0,0,2,0,0,2,0,1,1,1,2,0,0,0,0,1,1,0,1,1,2,2,2,0,2,1,2],"14":[1,2,0,0,1,1,1,0,1,0,0,2,2,0,0,2,0,1,0,2,1,1,2,0,0,2,0,1,0,0,2,2,0,2,0,0,0,1,0,2,0,0,1,2,2,0,0],"15":[0,2,0,1,0,1,1,2,2,2,1,2,2,2,2,2,0,2,1,1,2,0,0,0,0,0,0,0,0,1,2,0,2,0,0,0,0,0,0,2,2,1,2,2,2,1,1],"16":[0,2,2,0,0,0,0,1,0,1,0,2,0,1,0,2,0,0,0,1,2,0,0,0,0,2,1,1,0,0,2,2,2,1,0,1,0,0,2,2,2,2,1,2,1,2,0],"17":[0,2,0,0,0,2,0,0,0,0,0,2,2,1,0,2,2,1,0,0,0,0,2,2,1,2,0,0,0,0,0,1,0,2,2,0,0,0,2,2,2,2,0,0,2,2,0],"18":[0,0,0,0,0,2,0,0,1,1,0,2,1,2,2,2,0,2,1,2,0,0,2,0,0,0,0,0,1,0,1,1,0,1,2,2,0,0,1,0,0,0,0,1,2,1,2]},"Nottingham Forest":{"7":[1,2,0,0,0,2,0,0,2,1,0,2,2,2,1,2,0,2,1,1,1,2,1,1,0,1,0,0,0,2,0,1,2,0,2,0,0,1,2,1,2,1,0,2,1,1,0],"8":[0,0,0,0,2,1,0,1,1,0,0,2,0,2,2,2,0,1,1,2,2,1,0,0,1,0,0,1,0,0,0,0,2,2,0,0,0,0,2,0,1,1,0,0,1,0,2],"9":[1,1,0,0,1,1,0,0,0,1,0,1,2,2,2,1,0,1,2,0,2,2,0,2,0,0,1,1,0,0,2,2,2,0,2,0,0,1,0,0,2,2,0,2,0,2,0],"10":[2,2,0,0,0,0,1,0,2,0,0,1,0,2,1,1,0,1,0,0,1,0,2,0,1,0,1,0,0,0,1,1,2,2,2,0,0,1,1,1,2,2,2,2,2,2,0],"11":[0,2,0,1,0,1,1,2,2,2,1,2,2,2,2,2,0,2,1,1,2,0,0,0,0,0,0,0,0,1,2,0,2,0,0,0,0,0,0,2,2,1,2,2,2,1,1],"12":[0,2,0,1,1,1,0,1,1,1,0,1,2,2,0,2,2,2,0,2,1,2,0,0,2,1,2,2,0,0,2,1,1,2,2,0,0,1,2,2,2,1,1,2,1,1,0],"13":[0,0,0,0,0,0,1,2,0,0,0,2,2,2,1,2,2,0,1,2,1,2,0,2,2,1,1,0,2,0,2,0,1,2,0,0,1,0,2,2,1,2,0,0,1,0,1],"14":[0,1,1,0,0,2,0,2,1,0,0,2,2,2,0,0,2,2,0,1,0,0,0,0,1,0,0,0,2,0,2,1,2,1,0,0,1,2,1,1,2,1,2,1,0,2,0],"15":[0,2,2,0,0,0,0,1,0,1,0,2,0,1,0,2,0,0,0,1,2,0,0,0,0,2,1,1,0,0,2,2,2,1,0,1,0,0,2,2,2,2,1,2,1,2,0],"16":[1,2,0,0,1,1,1,0,1,0,0,2,2,0,0,2,0,1,0,2,1,1,2,0,0,2,0,1,0,0,2,2,0,2,0,0,0,1,0,2,0,0,1,2,2,0,0],"17":[0,1,0,1,0,1,0,2,2,0,1,2,2,1,1,2,1,2,2,2,1,2,2,0,2,0,1,1,0,1,1,0,0,2,2,2,2,2,0,2,2,2,2,0,2,0,1],"18":[1,2,0,0,0,1,2,0,2,0,0,2,0,0,2,1,0,1,1,0,1,0,0,1,0,0,0,2,0,0,0,1,0,2,1,2,2,2,0,2,0,1,0,0,0,2,2]},"Sunderland":{"5":[1,2,0,0,1,0,0,1,2,2,1,2,1,1,1,2,0,2,2,0,2,0,1,0,1,2,2,1,0,0,2,0,1,1,0,0,0,0,0,2,2,1,2,0,1,2,1],"6":[2,1,0,1,2,0,0,2,1,1,0,2,1,0,0,2,2,0,2,2,2,0,0,0,2,1,0,1,0,0,0,0,1,1,2,1,2,0,0,0,1,2,0,2,1,1,2],"7":[0,2,0,1,0,1,1,2,2,2,1,2,2,2,2,2,0,2,1,1,2,0,0,0,0,0,0,0,0,1,2,0,2,0,0,0,0,0,0,2,2,1,2,2,2,1,1],"8":[1,1,0,0,1,1,0,1,0,0,0,0,1,0,0,2,1,2,2,1,2,2,0,2,0,0,2,0,0,0,0,2,1,0,0,0,0,1,2,0,2,1,1,1,2,2,0],"9":[0,2,0,0,1,0,0,0,0,2,1,2,0,1,0,1,1,1,0,0,1,1,0,0,2,0,0,1,0,1,2,2,0,2,0,0,0,0,2,1,2,0,2,0,0,2,2],"10":[0,1,0,1,0,1,0,2,2,0,1,2,2,1,1,2,1,2,2,2,1,2,2,0,2,0,1,1,0,1,1,0,0,2,2,2,2,2,0,2,2,2,2,0,2,0,1],"11":[0,2,2,0,0,0,0,0,1,2,2,2,0,0,0,2,2,2,0,0,2,2,1,1,2,0,2,0,1,0,0,0,1,1,2,0,2,0,1,0,0,2,1,2,1,1,0],"12":[1,2,0,0,1,1,1,0,1,0,0,2,2,0,0,2,0,1,0,2,1,1,2,0,0,2,0,1,0,0,2,2,0,2,0,0,0,1,0,2,0,0,1,2,2,0,0],"13":[0,1,1,0,0,2,0,2,1,0,0,2,2,2,0,0,2,2,0,1,0,0,0,0,1,0,0,0,2,0,2,1,2,1,0,0,1,2,1,1,2,1,2,1,0,2,0],"14":[1,2,0,0,1,1,0,0,0,2,0,2,2,0,0,2,1,2,0,0,1,1,2,0,0,2,0,0,0,0,0,2,0,1,0,2,0,2,2,1,1,2,2,2,1,0,1],"15":[0,1,1,1,2,1,0,2,2,1,1,2,2,2,2,2,1,2,0,1,2,2,1,0,1,0,1,0,0,0,1,1,0,0,0,1,0,2,2,0,2,1,1,1,2,0,0],"16":[1,0,0,2,0,1,0,0,1,2,0,2,0,2,0,1,2,0,0,2,2,2,0,0,0,1,2,2,0,0,0,0,1,1,1,0,1,1,2,2,2,2,1,0,2,0,2],"17":[0,2,0,0,0,1,2,1,2,2,1,1,1,2,2,2,0,0,0,1,2,1,0,0,0,1,2,0,1,0,2,2,1,1,2,0,2,2,2,2,1,0,1,0,2,0,0]},"Tottenham Hotspur":{"12":[0,2,0,0,0,2,2,0,1,2,2,2,1,2,2,2,1,2,0,0,1,0,2,0,2,0,0,1,1,0,0,1,1,2,2,1,1,2,2,0,0,2,1,0,1,0,2],"13":[0,2,0,2,0,0,2,0,0,0,1,2,1,0,2,2,2,1,2,2,2,0,2,0,2,0,1,0,0,0,0,0,0,1,2,1,2,2,0,0,0,2,1,0,2,1,2],"14":[0,1,0,0,0,0,2,0,0,1,1,2,1,0,2,1,1,2,2,1,2,1,1,0,2,2,2,1,0,1,0,2,1,2,1,1,0,0,2,0,0,1,0,0,1,1,1],"15":[0,1,2,2,2,1,2,0,0,2,1,0,1,1,2,2,2,0,0,0,0,2,2,1,1,0,0,0,1,0,2,0,0,2,0,0,0,2,1,2,0,2,1,0,0,0,2],"16":[0,2,0,0,0,0,2,0,2,1,0,2,0,0,2,1,1,1,0,0,2,0,2,1,0,1,0,0,1,0,0,1,1,2,0,1,2,0,0,0,2,2,0,1,0,0,2],"17":[1,2,0,0,1,1,0,0,0,2,0,2,2,0,0,2,1,2,0,0,1,1,2,0,0,2,0,0,0,0,0,2,0,1,0,2,0,2,2,1,1,2,2,2,1,0,1],"18":[1,2,0,0,1,1,1,0,1,0,0,2,2,0,0,2,0,1,0,2,1,1,2,0,0,2,0,1,0,0,2,2,0,2,0,0,0,1,0,2,0,0,1,2,2,0,0],"19":[2,2,0,0,0,0,1,1,0,1,2,0,2,0,0,2,0,2,2,1,0,1,1,0,1,0,0,0,1,0,2,0,2,1,1,2,0,2,2,2,2,1,2,0,0,0,0]},"West Ham United":{"10":[0,2,0,0,0,0,1,2,2,2,2,2,0,0,0,2,2,1,1,2,2,1,2,0,0,0,0,0,0,1,0,2,1,0,2,2,1,1,2,2,1,0,0,0,1,0,2],"11":[0,0,0,0,1,2,0,0,2,2,0,2,1,0,0,2,0,1,0,2,0,2,1,0,0,1,0,0,0,0,2,0,0,2,2,2,0,2,1,1,1,0,0,0,0,0,2],"12":[1,1,0,0,0,2,1,1,2,1,0,2,2,0,0,0,0,1,0,2,2,1,2,1,1,2,2,2,0,0,0,0,1,2,2,0,0,1,2,0,1,0,0,0,1,0,0],"13":[0,2,0,0,0,2,0,1,2,2,0,1,1,1,2,2,1,1,0,2,1,1,2,1,0,2,0,0,0,0,0,1,0,2,2,2,0,0,2,2,2,2,0,0,2,1,0],"14":[0,1,0,0,0,0,0,0,1,1,0,2,0,2,2,2,2,0,0,1,1,0,1,0,0,1,0,0,2,0,2,0,0,1,2,0,2,2,2,1,1,0,0,0,0,0,0],"15":[1,1,1,1,0,2,0,0,1,0,0,2,0,2,1,2,1,1,2,1,2,0,1,2,0,0,1,0,1,1,1,0,0,2,2,1,0,2,1,2,1,0,0,1,2,2,1],"16":[0,1,0,1,0,1,0,2,2,0,1,2,2,1,1,2,1,2,2,2,1,2,2,0,2,0,1,1,0,1,1,0,0,2,2,2,2,2,0,2,2,2,2,0,2,0,1],"17":[1,2,0,0,1,1,1,0,1,0,0,2,2,0,0,2,0,1,0,2,1,1,2,0,0,2,0,1,0,0,2,2,0,2,0,0,0,1,0,2,0,0,1,2,2,0,0],"18":[1,2,0,0,1,1,0,0,0,2,0,2,2,0,0,2,1,2,0,0,1,1,2,0,0,2,0,0,0,0,0,2,0,1,0,2,0,2,2,1,1,2,2,2,1,0,1]},"Wolverhampton Wanderers":{"18":[2,2,0,0,0,0,1,1,0,1,2,0,2,0,0,2,0,2,2,1,0,1,1,0,1,0,0,0,1,0,2,0,2,1,1,2,0,2,2,2,2,1,2,0,0,0,0],"19":[1,2,0,0,1,1,1,0,1,0,0,2,2,0,0,2,0,1,0,2,1,1,2,0,0,2,0,1,0,0,2,2,0,2,0,0,0,1,0,2,0,0,1,2,2,0,0],"20":[0,2,0,0,1,0,0,0,0,2,1,2,0,1,0,1,1,1,0,0,1,1,0,0,2,0,0,1,0,1,2,2,0,2,0,0,0,0,2,1,2,0,2,0,0,2,2]}},"impossible":{"AFC Bournemouth":[false,true,true,false,false,false,false,false,false,false,false,false,false,false,false,false,false,true,true,true,true],"Arsenal":[false,false,false,false,false,false,true,true,true,true,true,true,true,true,true,true,true,true,true,true,true],"Aston Villa":[false,false,false,false,false,false,false,false,false,false,false,false,true,true,true,true,true,true,true,true,true],"Brentford":[false,true,true,false,false,false,false,false,false,false,false,false,false,false,false,false,false,false,true,true,true],"Brighton & Hove Albion":[false,true,true,false,false,false,false,false,false,false,false,false,false,false,false,false,false,true,true,true,true],"Burnley":[false,true,true,true,true,true,true,true,true,true,true,true,true,true,true,true,true,true,false,false,false],"Chelsea":[false,true,true,false,false,false,false,false,false,false,false,false,false,false,false,false,false,false,true,true,true],"Crystal Palace":[false,true,true,false,false,false,false,false,false,false,false,false,false,false,false,false,false,false,false,true,true],"Everton":[false,true,true,false,false,false,false,false,false,false,false,false,false,false,false,false,false,false,true,true,true],"Fulham":[false,true,true,false,false,false,false,false,false,false,false,false,false,false,false,false,false,false,false,true,true],"Leeds United":[false,true,true,true,true,true,false,false,false,false,false,false,false,false,false,false,false,false,false,true,true],"Liverpool":[false,true,false,false,false,false,false,false,false,false,false,false,false,false,false,true,true,true,true,true,true],"Manchester City":[false,false,false,false,false,false,true,true,true,true,true,true,true,true,true,true,true,true,true,true,true],"Manchester United":[false,false,false,false,false,false,false,false,false,false,false,false,false,false,true,true,true,true,true,true,true],"Newcastle United":[false,true,true,true,true,false,false,false,false,false,false,false,false,false,false,false,false,false,false,true,true],"Nottingham Forest":[false,true,true,true,true,true,false,false,false,false,false,false,false,false,false,false,false,false,false,true,true],"Sunderland":[false,true,true,true,false,false,false,false,false,false,false,false,false,false,false,false,false,false,false,true,true],"Tottenham Hotspur":[false,true,true,true,true,true,true,true,true,true,true,false,false,false,false,false,false,false,false,false,true],"West Ham United":[false,true,true,true,true,true,true,true,false,false,false,false,false,false,false,false,false,false,false,true,true],"Wolverhampton Wanderers":[false,true,true,true,true,true,true,true,true,true,true,true,true,true,true,true,true,true,false,false,false]},"ilpTimeouts":{"AFC Bournemouth":{},"Arsenal":{"5":true},"Aston Villa":{"10":true,"11":true},"Brentford":{"17":true},"Brighton & Hove Albion":{},"Burnley":{},"Chelsea":{"3":true,"17":true},"Crystal Palace":{"3":true,"18":true},"Everton":{"17":true},"Fulham":{"3":true,"18":true},"Leeds United":{"6":true},"Liverpool":{"13":true,"14":true},"Manchester City":{"5":true},"Manchester United":{"11":true,"12":true,"13":true},"Newcastle United":{},"Nottingham Forest":{"6":true},"Sunderland":{"4":true,"18":true},"Tottenham Hotspur":{"11":true},"West Ham United":{"8":true,"9":true},"Wolverhampton Wanderers":{}}},{"tier":2,"division":"EFL Championship","teams":["Birmingham City","Blackburn Rovers","Bristol City","Charlton Athletic","Coventry City","Derby County","Hull City","Ipswich Town","Leicester City","Middlesbrough","Millwall","Norwich City","Oxford United","Portsmouth","Preston North End","Queens Park Rangers","Sheffield United","Sheffield Wednesday","Southampton","Stoke City","Swansea City","Watford","West Bromwich Albion","Wrexham"],"basePoints":[60,52,59,50,89,66,70,79,43,76,80,64,44,51,57,58,57,-3,76,55,60,57,52,70],"fixtures":[[0,2,0.41796624189707743,0.2892315839214491,0.2928021741814735],[1,8,0.5306445737966983,0.26934767882586286,0.20000774737743898],[2,19,0.5142448921208382,0.27328732913605275,0.21246777874310904],[3,6,0.26511449250352487,0.2854042781060665,0.4494812293904085],[4,23,0.4987238507653478,0.2766963293650281,0.22457981986962405],[5,16,0.44109096646481655,0.2865597391317241,0.2723492944034593],[6,11,0.32177410631834935,0.29161046298394994,0.3866154306977007],[7,15,0.675588731653461,0.21979770671696278,0.10461356162957626],[9,21,0.5488611752983673,0.2645693442328845,0.1865694804687482],[10,12,0.6534615850460388,0.22906741847610348,0.11747099647785776],[11,20,0.5111510561954509,0.2739917726489817,0.21485717115556732],[12,17,0.6586560798173404,0.22694700962250974,0.11439691056014994],[13,0,0.3629426604153879,0.2924110484445172,0.344646291140095],[14,18,0.16624810515816044,0.2561916458149649,0.5775602490268748],[15,5,0.3149198449437584,0.29118955220211545,0.3938906028541261],[16,14,0.4862249704794786,0.27921292498490397,0.23456210453561746],[17,22,0.1332745275359962,0.23911491212192681,0.627610560342077],[18,7,0.41167531415344144,0.28982566112258573,0.29849902472397283],[19,13,0.35275814169438535,0.2924794152156171,0.3547624430899976],[20,3,0.5578637333907401,0.2620528507511375,0.1800834158581224],[21,4,0.16423697228579187,0.25528067517499037,0.5804823525392179],[22,7,0.2213306203535745,0.27582095694655023,0.5028484226998753],[23,9,0.4757656773938629,0.28116021558874715,0.24307410701739002]],"posProbs":{"Birmingham City":[0,0,0,0,0,0,0,0,0.001516,0.038244,0.373134,0.232131,0.174013,0.113638,0.052692,0.013051,0.001527,0.000054,0,0,0,0,0,0,0],"Blackburn Rovers":[0,0,0,0,0,0,0,0,0,0,0,0,0,0,0,0,0,0.013295,0.20374,0.364947,0.307824,0.110194,0,0,0],"Bristol City":[0,0,0,0,0,0,0,0,0,0.013284,0.21263,0.208213,0.24793,0.150625,0.098354,0.051108,0.01594,0.001916,0,0,0,0,0,0,0],"Charlton Athletic":[0,0,0,0,0,0,0,0,0,0,0,0,0,0,0,0,0,0.008096,0.041317,0.090839,0.192318,0.657676,0.009754,0,0],"Coventry City":[0,1,0,0,0,0,0,0,0,0,0,0,0,0,0,0,0,0,0,0,0,0,0,0,0],"Derby County":[0,0,0,0,0,0,0.022096,0.101218,0.614595,0.255318,0.006555,0.000218,0,0,0,0,0,0,0,0,0,0,0,0,0],"Hull City":[0,0,0,0,0.000229,0.008965,0.515527,0.399755,0.06709,0.008434,0,0,0,0,0,0,0,0,0,0,0,0,0,0,0],"Ipswich Town":[0,0,0.764501,0.165206,0.057039,0.013254,0,0,0,0,0,0,0,0,0,0,0,0,0,0,0,0,0,0,0],"Leicester City":[0,0,0,0,0,0,0,0,0,0,0,0,0,0,0,0,0,0,0,0,0,0,0.06497,0.93503,0],"Middlesbrough":[0,0,0.005801,0.057779,0.358797,0.562481,0.014188,0.000954,0,0,0,0,0,0,0,0,0,0,0,0,0,0,0,0,0],"Millwall":[0,0,0.20876,0.661629,0.112451,0.01716,0,0,0,0,0,0,0,0,0,0,0,0,0,0,0,0,0,0,0],"Norwich City":[0,0,0,0,0,0,0.001611,0.025834,0.242336,0.607747,0.094742,0.027362,0.000368,0,0,0,0,0,0,0,0,0,0,0,0],"Oxford United":[0,0,0,0,0,0,0,0,0,0,0,0,0,0,0,0,0,0,0,0,0,0.009754,0.925276,0.06497,0],"Portsmouth":[0,0,0,0,0,0,0,0,0,0,0,0,0,0,0,0.003577,0.025176,0.081156,0.130221,0.245466,0.335809,0.178595,0,0,0],"Preston North End":[0,0,0,0,0,0,0,0,0,0,0.006541,0.025213,0.063207,0.125153,0.150761,0.175276,0.240643,0.186639,0.026086,0.000481,0,0,0,0,0],"Queens Park Rangers":[0,0,0,0,0,0,0,0,0,0.000289,0.018663,0.053225,0.133564,0.175866,0.248401,0.223996,0.113525,0.030457,0.002014,0,0,0,0,0,0],"Sheffield United":[0,0,0,0,0,0,0,0,0,0,0.02163,0.075909,0.141476,0.211649,0.190651,0.136971,0.127968,0.082833,0.010734,0.000179,0,0,0,0,0],"Sheffield Wednesday":[0,0,0,0,0,0,0,0,0,0,0,0,0,0,0,0,0,0,0,0,0,0,0,0,1],"Southampton":[0,0,0.020938,0.115386,0.471143,0.386797,0.005504,0.000232,0,0,0,0,0,0,0,0,0,0,0,0,0,0,0,0,0],"Stoke City":[0,0,0,0,0,0,0,0,0,0,0.000482,0.007622,0.029397,0.035312,0.06532,0.144807,0.163729,0.299168,0.164768,0.069792,0.018758,0.000845,0,0,0],"Swansea City":[0,0,0,0,0,0,0,0,0.002987,0.072925,0.260922,0.351694,0.164889,0.095456,0.040929,0.009244,0.00094,0.000014,0,0,0,0,0,0,0],"Watford":[0,0,0,0,0,0,0,0,0,0,0.004701,0.018413,0.045156,0.092033,0.147372,0.211959,0.257756,0.19441,0.02768,0.00052,0,0,0,0,0],"West Bromwich Albion":[0,0,0,0,0,0,0,0,0,0,0,0,0,0.000268,0.00552,0.030011,0.052796,0.101962,0.39344,0.227776,0.145291,0.042936,0,0,0],"Wrexham":[0,0,0,0,0.000341,0.011343,0.441074,0.472007,0.071476,0.003759,0,0,0,0,0,0,0,0,0,0,0,0,0,0,0]},"examples":{"Birmingham City":{"8":[0,1,1,2,2,2,1,0,0,1,1,2,2,2,0,1,2,1,1,1,2,2,0],"9":[0,0,0,2,1,0,1,1,0,0,1,1,2,1,1,0,1,0,1,2,1,0,2],"10":[0,1,2,2,0,1,2,2,0,1,0,2,2,1,0,1,1,1,2,1,1,0,1],"11":[1,0,1,0,2,0,2,0,0,0,0,0,0,2,2,0,2,1,1,0,1,1,0],"12":[2,0,0,1,0,2,1,0,0,0,1,1,1,2,1,2,1,1,1,0,1,2,1],"13":[1,0,1,1,2,2,0,0,0,1,1,0,0,2,0,0,0,2,0,0,2,2,1],"14":[1,0,0,1,0,1,1,0,1,0,0,1,0,0,0,0,2,1,1,0,0,2,0],"15":[2,0,0,2,0,2,0,0,0,0,0,0,0,0,0,1,2,2,0,0,2,0,0],"16":[2,0,0,0,1,2,1,0,0,0,0,0,0,0,0,2,2,2,0,0,0,1,1],"17":[2,2,2,0,1,2,0,1,2,2,1,0,0,0,1,0,1,2,0,0,1,2,1]},"Blackburn Rovers":{"17":[1,0,0,1,0,2,1,0,0,0,2,0,2,1,2,2,1,0,2,0,2,2,2],"18":[2,0,0,1,0,2,1,0,0,0,1,1,1,2,1,2,1,1,1,0,1,2,1],"19":[1,0,1,0,2,0,2,0,0,0,0,0,0,2,2,0,2,1,1,0,1,1,0],"20":[0,1,2,2,0,1,2,2,0,1,0,2,2,1,0,1,1,1,2,1,1,0,1],"21":[1,1,0,0,0,0,1,0,0,0,1,0,0,2,2,0,2,0,1,2,2,0,0]},"Bristol City":{"9":[2,0,0,2,0,1,0,0,0,0,1,0,1,2,0,0,0,0,0,0,2,2,0],"10":[2,0,0,1,0,2,1,0,0,0,1,1,1,2,1,2,1,1,1,0,1,2,1],"11":[2,0,0,2,0,1,1,0,0,0,2,0,2,1,0,1,2,2,1,0,1,2,2],"12":[1,0,1,0,2,0,2,0,0,0,0,0,0,2,2,0,2,1,1,0,1,1,0],"13":[0,1,2,2,0,1,2,2,0,1,0,2,2,1,0,1,1,1,2,1,1,0,1],"14":[0,1,1,1,1,1,1,1,0,1,1,0,0,2,0,0,2,1,1,0,2,0,0],"15":[1,2,2,1,1,0,0,0,0,2,1,0,0,0,0,0,2,1,2,1,1,1,1],"16":[1,0,2,1,0,1,2,0,1,0,0,0,0,0,0,0,2,2,1,0,0,2,1],"17":[0,0,2,2,0,0,0,0,2,0,2,0,1,0,1,0,2,0,1,1,2,1,2]},"Charlton Athletic":{"17":[0,0,0,0,0,0,2,1,0,1,1,0,0,1,0,1,2,1,1,2,1,2,2],"18":[0,1,2,0,1,0,0,0,1,2,1,0,1,2,2,1,2,1,0,2,2,1,1],"19":[1,1,0,0,0,0,1,0,0,0,1,0,0,2,2,0,2,0,1,2,2,0,0],"20":[1,1,2,2,0,0,0,0,1,0,1,0,0,1,2,0,2,1,0,2,2,2,2],"21":[1,0,1,0,2,0,2,0,0,0,0,0,0,2,2,0,2,1,1,0,1,1,0],"22":[1,2,1,2,0,2,0,1,2,2,1,0,0,2,0,2,2,2,1,0,2,1,0]},"Coventry City":{"1":[1,0,1,0,2,0,2,0,0,0,0,0,0,2,2,0,2,1,1,0,1,1,0]},"Derby County":{"6":[0,0,0,0,0,0,2,0,0,0,2,0,0,1,2,1,2,0,2,1,2,2,2],"7":[1,0,1,0,2,0,2,0,0,0,0,0,0,2,2,0,2,1,1,0,1,1,0],"8":[2,0,0,1,0,2,1,0,0,0,1,1,1,2,1,2,1,1,1,0,1,2,1],"9":[1,0,0,0,2,1,1,0,0,0,0,1,0,1,1,1,2,0,0,1,2,0,0],"10":[0,0,1,2,0,2,0,0,2,0,0,0,2,1,0,0,2,0,0,0,2,2,0],"11":[0,0,1,1,0,2,2,0,1,1,2,0,2,2,0,0,2,0,0,0,2,1,0]},"Hull City":{"4":[0,2,1,2,0,0,0,0,2,0,1,0,2,0,0,0,2,2,2,2,2,2,0],"5":[2,0,0,2,0,2,0,0,0,0,0,0,0,0,0,1,2,2,0,0,2,0,0],"6":[2,0,0,1,0,2,1,0,0,0,1,1,1,2,1,2,1,1,1,0,1,2,1],"7":[1,0,0,0,2,1,1,0,0,0,0,1,0,1,1,1,2,0,0,1,2,0,0],"8":[1,0,1,0,2,0,2,0,0,0,0,0,0,2,2,0,2,1,1,0,1,1,0],"9":[0,2,1,0,0,0,2,0,0,1,0,2,1,2,2,0,0,1,2,1,0,2,1]},"Ipswich Town":{"2":[1,0,1,0,2,0,2,0,0,0,0,0,0,2,2,0,2,1,1,0,1,1,0],"3":[1,0,0,0,2,1,1,0,0,0,0,1,0,1,1,1,2,0,0,1,2,0,0],"4":[0,1,2,2,0,1,2,2,0,1,0,2,2,1,0,1,1,1,2,1,1,0,1],"5":[2,1,0,0,0,2,0,2,0,0,0,2,2,0,2,2,1,0,2,1,2,0,0]},"Leicester City":{"22":[2,2,0,2,1,0,2,0,0,1,1,2,1,2,0,1,2,1,0,0,2,2,2],"23":[1,0,1,0,2,0,2,0,0,0,0,0,0,2,2,0,2,1,1,0,1,1,0]},"Middlesbrough":{"2":[0,1,0,2,2,2,2,1,0,1,1,0,1,1,1,0,2,0,1,0,0,0,2],"3":[0,1,2,2,0,1,2,2,0,1,0,2,2,1,0,1,1,1,2,1,1,0,1],"4":[1,0,1,1,2,2,0,0,0,1,1,0,0,2,0,0,0,2,0,0,2,2,1],"5":[1,0,1,0,2,0,2,0,0,0,0,0,0,2,2,0,2,1,1,0,1,1,0],"6":[0,2,1,2,0,0,0,0,2,0,1,0,2,0,0,0,2,2,2,2,2,2,0],"7":[2,0,0,2,2,2,0,0,2,0,1,1,2,1,1,2,1,2,2,0,2,2,0]},"Millwall":{"2":[1,0,0,0,2,1,1,0,0,0,0,1,0,1,1,1,2,0,0,1,2,0,0],"3":[1,0,1,0,2,0,2,0,0,0,0,0,0,2,2,0,2,1,1,0,1,1,0],"4":[0,1,2,0,1,0,0,0,1,2,1,0,1,2,2,1,2,1,0,2,2,1,1],"5":[1,0,0,0,0,1,0,0,0,1,2,0,1,2,2,2,2,0,1,1,2,2,2]},"Norwich City":{"6":[1,1,2,0,0,2,2,0,2,0,0,0,2,2,0,0,2,0,2,0,0,2,2],"7":[1,1,0,0,0,2,2,0,1,0,0,1,2,0,0,0,2,2,2,0,1,2,0],"8":[1,0,0,0,2,1,1,0,0,0,0,1,0,1,1,1,2,0,0,1,2,0,0],"9":[1,0,1,0,2,0,2,0,0,0,0,0,0,2,2,0,2,1,1,0,1,1,0],"10":[2,0,0,2,0,1,1,0,0,0,2,0,2,1,0,1,2,2,1,0,1,2,2],"11":[0,0,1,0,0,2,1,0,0,2,2,0,2,1,0,0,2,2,1,0,1,0,0],"12":[0,1,0,1,0,1,0,2,2,1,2,0,2,2,0,0,2,0,2,0,2,2,2]},"Oxford United":{"21":[1,2,1,2,0,2,0,1,2,2,1,0,0,2,0,2,2,2,1,0,2,1,0],"22":[1,0,1,0,2,0,2,0,0,0,0,0,0,2,2,0,2,1,1,0,1,1,0],"23":[2,2,0,2,1,0,2,0,0,1,1,2,1,2,0,1,2,1,0,0,2,2,2]},"Portsmouth":{"15":[0,0,1,2,0,2,2,0,0,2,0,0,0,2,2,0,0,1,2,1,2,2,1],"16":[0,0,0,0,0,0,2,0,0,0,2,0,0,1,2,1,2,0,2,1,2,2,2],"17":[0,0,0,1,2,1,0,0,0,1,0,0,0,1,1,1,2,2,2,0,1,2,0],"18":[2,2,0,1,2,2,1,0,1,0,2,0,1,2,2,0,0,0,2,0,1,2,2],"19":[2,0,0,1,0,2,1,0,0,0,1,1,1,2,1,2,1,1,1,0,1,2,1],"20":[1,0,1,0,2,0,2,0,0,0,0,0,0,2,2,0,2,1,1,0,1,1,0],"21":[0,1,2,0,1,0,0,0,1,2,1,0,1,2,2,1,2,1,0,2,2,1,1]},"Preston N