{"generated_at":"2026-04-24T04:16:37.579Z","sims":1000000,"season":"2025/2026","last_result_date":"2026-04-23","tiers":[{"tier":1,"division":"Premier League","teams":["AFC Bournemouth","Arsenal","Aston Villa","Brentford","Brighton & Hove Albion","Burnley","Chelsea","Crystal Palace","Everton","Fulham","Leeds United","Liverpool","Manchester City","Manchester United","Newcastle United","Nottingham Forest","Sunderland","Tottenham Hotspur","West Ham United","Wolverhampton Wanderers"],"basePoints":[49,70,58,48,50,20,48,43,47,45,40,55,70,58,42,36,46,31,33,17],"fixtures":[[0,7,0.5478563330893913,0.2648438825889845,0.18729978432162422],[0,12,0.2422371024910659,0.2809766127619737,0.4767862847469604],[1,5,0.8140633468430823,0.1470678389090138,0.0388688142479039],[1,9,0.6357747680817176,0.2360323594508901,0.12819287246739233],[1,14,0.662089917147344,0.22552657982490376,0.11238350302775228],[2,11,0.4106278246410216,0.2899189706015388,0.29945320475743964],[2,17,0.7014265587452191,0.20818189889544123,0.09039154235933967],[3,7,0.5101185623458442,0.27422411065098373,0.21565732700317206],[3,18,0.5438281826297469,0.26593161421219147,0.1902402031580617],[4,13,0.3517442713961444,0.29247688101583424,0.3557788475880213],[4,19,0.6455725753372127,0.23222265305456272,0.12220477160822471],[5,2,0.11239629983937267,0.2255356884645065,0.6620680116961208],[5,19,0.3198099269099149,0.29149858420658026,0.38869148888350474],[6,15,0.4284693900866084,0.2881123076222588,0.2834183022911328],[6,17,0.5987764890035426,0.249334858109609,0.1518886528868484],[7,1,0.185133219088266,0.2640242771724729,0.5508425037392611],[7,8,0.3527581416943852,0.29247941521561704,0.3547624430899977],[8,12,0.18368598419415863,0.2634680937193524,0.552845922086489],[8,16,0.4799534862473375,0.2803979991161076,0.23964851463655493],[9,0,0.3023482082353435,0.2901913139114622,0.4074604778531944],[9,2,0.2966190131720217,0.289636636416203,0.41374435041177526],[9,14,0.4431953327426237,0.2862791294172277,0.27052553784014854],[10,4,0.36703846417393615,0.2923360258011032,0.34062551002496066],[10,5,0.6854608813125294,0.21546088264790694,0.09907823603956384],[11,3,0.45792171765008444,0.2841438435238542,0.2579344388260614],[11,6,0.5357312629877969,0.2680558257301918,0.1962129112820113],[11,7,0.5548712333029546,0.26290068609586137,0.18222808060118392],[12,2,0.5843878082650227,0.2540464652183357,0.16156572651664175],[12,3,0.6248958463311816,0.24012141700577389,0.1349827366630446],[12,7,0.704545858687989,0.20672120415200756,0.08873293716000341],[13,3,0.4747179580831941,0.28134724741644684,0.243934794500359],[13,11,0.4284693900866082,0.2881123076222588,0.2834183022911329],[13,15,0.5677755825383687,0.25916417713752443,0.17306024032410688],[14,4,0.3071583805359649,0.2906083768439008,0.40223324262013427],[14,18,0.4389866877206774,0.28683415238904647,0.27417915989027614],[15,0,0.28344214696118,0.2881153776269461,0.42844247541187386],[15,14,0.4221651624157012,0.2888031338747613,0.2890317037095376],[16,6,0.38353195676085816,0.29176441076341053,0.3247036324757313],[16,13,0.25265718921440783,0.28314322213328585,0.46419958865230637],[16,15,0.4001717498170069,0.2907616909842845,0.3090665591987085],[17,8,0.2038696975377562,0.27061753773781333,0.5255127647244305],[17,10,0.20697749531944315,0.2716072677633019,0.5214152369172549],[18,1,0.16224329706142862,0.254362170946122,0.5833945319924494],[18,8,0.3198099269099149,0.29149858420658026,0.38869148888350474],[18,10,0.3237428399655021,0.2917156183898149,0.38454154164468307],[19,9,0.2535364136895367,0.28331436970565566,0.4631492166048077],[19,16,0.28158244554238837,0.2878724381413062,0.4305451163163055],[19,17,0.43898668772067756,0.28683415238904647,0.274179159890276]],"posProbs":{"AFC Bournemouth":[0,0,0,0.000002,0.000227,0.01402,0.176492,0.195876,0.180007,0.153478,0.123066,0.084063,0.04911,0.01886,0.00434,0.000457,0.000002,0,0,0,0],"Arsenal":[0,0.583482,0.416454,0.000061,0.000003,0,0,0,0,0,0,0,0,0,0,0,0,0,0,0,0],"Aston Villa":[0,0,0.000409,0.445965,0.399274,0.150189,0.003862,0.000283,0.000018,0,0,0,0,0,0,0,0,0,0,0,0],"Brentford":[0,0,0,0.000047,0.001012,0.019218,0.126022,0.154188,0.166231,0.165592,0.150499,0.111556,0.06685,0.028696,0.008788,0.001293,0.000008,0,0,0,0],"Brighton & Hove Albion":[0,0,0,0.000049,0.001937,0.041468,0.333829,0.224663,0.159326,0.111985,0.070531,0.035704,0.015563,0.004161,0.000728,0.000056,0,0,0,0,0],"Burnley":[0,0,0,0,0,0,0,0,0,0,0,0,0,0,0,0,0,0,0.000016,0.46912,0.530864],"Chelsea":[0,0,0,0,0.000057,0.008859,0.078706,0.123846,0.152173,0.169236,0.171098,0.147839,0.099648,0.03691,0.010183,0.001412,0.000033,0,0,0,0],"Crystal Palace":[0,0,0,0,0,0.000187,0.003261,0.007474,0.013036,0.021904,0.036238,0.063269,0.115088,0.230645,0.256462,0.222196,0.029711,0.000529,0,0,0],"Everton":[0,0,0,0.000005,0.000294,0.011071,0.128643,0.14976,0.154326,0.153031,0.14415,0.118919,0.083687,0.039284,0.014015,0.002769,0.000046,0,0,0,0],"Fulham":[0,0,0,0,0.000006,0.000772,0.021155,0.040396,0.060461,0.085854,0.121887,0.178986,0.214991,0.14816,0.08729,0.037928,0.002106,0.000008,0,0,0],"Leeds United":[0,0,0,0,0,0,0,0.000018,0.000353,0.002394,0.010041,0.029326,0.075471,0.188501,0.275535,0.342667,0.069074,0.006411,0.000209,0,0],"Liverpool":[0,0,0,0.108102,0.210883,0.591946,0.06358,0.01737,0.005875,0.001781,0.000424,0.000038,0.000001,0,0,0,0,0,0,0,0],"Manchester City":[0,0.416518,0.582984,0.000491,0.000007,0,0,0,0,0,0,0,0,0,0,0,0,0,0,0,0],"Manchester United":[0,0,0.000153,0.445278,0.386231,0.15873,0.008414,0.001053,0.000127,0.000012,0.000002,0,0,0,0,0,0,0,0,0,0],"Newcastle United":[0,0,0,0,0,0.000009,0.000888,0.002681,0.006194,0.012206,0.025285,0.054466,0.105839,0.199776,0.261507,0.261682,0.064902,0.004541,0.000024,0,0],"Nottingham Forest":[0,0,0,0,0,0,0,0,0.000003,0.000026,0.000242,0.000903,0.003303,0.013345,0.037524,0.101809,0.65219,0.17324,0.017415,0,0],"Sunderland":[0,0,0,0,0.000069,0.003531,0.055148,0.082392,0.10187,0.122501,0.146537,0.174927,0.170409,0.090909,0.039672,0.011433,0.000601,0.000001,0,0,0],"Tottenham Hotspur":[0,0,0,0,0,0,0,0,0,0,0,0,0,0.000002,0.000102,0.000977,0.024267,0.184342,0.789978,0.000332,0],"West Ham United":[0,0,0,0,0,0,0,0,0,0,0,0.000004,0.00004,0.000751,0.003854,0.015321,0.15706,0.630928,0.192042,0,0],"Wolverhampton Wanderers":[0,0,0,0,0,0,0,0,0,0,0,0,0,0,0,0,0,0,0.000316,0.530548,0.469136]},"examples":{"AFC Bournemouth":{"3":[0,0,0,1,0,1,1,1,0,0,2,1,1,0,2,0,0,2,0,2,0,0,0,1,2,1,1,0,2,2,2,1,1,2,2,2,1,2,1,0,0,2,0,0,2,1,1,1],"4":[0,0,0,0,0,0,1,0,1,1,1,2,0,1,0,2,1,2,2,2,2,1,2,0,2,0,2,2,0,2,1,2,2,2,2,2,2,0,1,0,2,1,1,0,1,1,2,0],"5":[1,0,0,0,0,0,2,0,0,1,1,2,2,0,2,0,1,1,2,2,1,1,2,0,1,1,2,1,0,0,0,0,0,1,1,1,2,2,2,1,2,1,0,1,0,2,2,1],"6":[0,2,1,2,0,1,0,0,0,0,2,2,2,0,2,2,0,1,2,2,2,1,0,0,1,0,2,1,0,0,0,1,0,2,0,1,1,0,2,2,2,2,0,0,0,1,2,1],"7":[0,1,0,2,0,1,0,0,2,0,0,2,2,1,0,0,0,2,0,2,2,0,1,0,2,1,0,2,0,0,1,1,1,1,0,1,0,2,2,1,2,2,0,2,2,0,1,0],"8":[0,1,0,0,0,1,0,1,1,0,0,2,0,1,1,2,1,1,0,1,0,0,1,0,1,0,0,0,0,0,1,1,0,2,1,1,1,1,2,1,1,1,2,2,2,0,1,1],"9":[0,1,1,0,0,1,0,0,0,2,1,2,0,1,0,2,0,0,0,0,0,0,0,0,1,2,2,2,0,0,1,0,0,0,1,1,2,0,0,2,1,2,2,0,0,2,0,2],"10":[1,2,0,2,0,0,0,0,1,1,0,1,2,0,0,1,0,1,1,2,1,2,0,1,1,2,1,2,1,1,2,2,0,0,2,0,0,1,0,0,1,0,2,1,0,0,2,2],"11":[0,2,1,0,0,0,0,0,1,2,2,1,2,0,1,2,0,2,0,0,2,0,0,0,1,1,0,0,2,0,0,2,1,1,1,1,0,0,0,2,1,2,2,2,2,2,1,0],"12":[2,2,0,2,0,0,0,0,0,2,0,2,2,2,1,2,2,0,1,1,2,1,0,0,1,0,0,2,1,0,1,0,0,2,0,0,0,2,2,0,2,2,2,2,0,2,2,0],"13":[1,2,0,2,2,2,0,0,1,2,0,2,1,1,1,2,2,2,0,0,2,0,2,1,2,0,2,0,2,1,1,2,0,2,0,1,2,2,0,0,0,2,2,2,2,1,1,2],"14":[2,2,0,0,0,0,0,2,0,2,0,2,1,0,0,1,0,1,0,0,0,0,0,0,0,0,2,0,2,0,0,2,1,2,0,0,0,0,1,0,2,2,2,2,0,0,2,0],"15":[2,2,0,1,0,2,0,2,0,2,1,2,0,0,0,1,1,1,2,0,2,2,0,0,2,2,0,0,0,0,1,1,1,0,0,0,0,0,1,0,2,2,2,1,2,2,1,0],"16":[2,2,0,1,1,1,0,0,0,1,0,2,1,2,2,0,2,2,1,0,1,0,0,0,2,2,1,0,2,0,1,1,2,0,0,0,0,0,2,2,2,0,2,1,2,2,0,2]},"Arsenal":{"1":[0,1,1,0,0,1,0,0,0,2,1,2,0,1,0,2,0,0,0,0,0,0,0,0,1,2,2,2,0,0,1,0,0,0,1,1,2,0,0,2,1,2,2,0,0,2,0,2],"2":[0,2,1,2,0,1,0,0,0,0,2,2,2,0,2,2,0,1,2,2,2,1,0,0,1,0,2,1,0,0,0,1,0,2,0,1,1,0,2,2,2,2,0,0,0,1,2,1],"3":[2,2,1,1,2,0,1,2,0,2,0,1,0,0,0,0,0,2,0,2,2,0,0,0,1,0,0,1,0,1,0,0,0,2,0,1,2,2,2,0,1,1,1,0,0,1,0,0],"4":[0,0,2,2,2,0,0,1,0,2,2,2,2,0,0,0,2,1,0,2,1,0,0,0,2,0,1,2,1,0,2,0,0,1,2,0,1,2,2,2,2,1,0,0,1,0,0,0]},"Aston Villa":{"2":[1,0,0,2,1,0,0,0,0,1,2,2,2,2,1,2,2,0,0,2,2,2,1,1,0,0,2,1,2,2,1,0,0,2,0,2,2,2,0,1,1,2,2,1,1,1,2,0],"3":[0,2,1,2,0,1,0,0,0,0,2,2,2,0,2,2,0,1,2,2,2,1,0,0,1,0,2,1,0,0,0,1,0,2,0,1,1,0,2,2,2,2,0,0,0,1,2,1],"4":[0,1,0,0,0,1,0,1,1,0,0,2,0,1,1,2,1,1,0,1,0,0,1,0,1,0,0,0,0,0,1,1,0,2,1,1,1,1,2,1,1,1,2,2,2,0,1,1],"5":[1,0,0,0,1,2,1,0,0,0,0,2,2,2,1,2,0,2,2,1,0,2,1,0,0,0,0,0,0,0,0,0,0,2,0,1,0,1,2,0,1,2,2,0,2,0,1,2],"6":[2,0,0,2,0,2,1,0,0,2,0,0,2,2,0,2,2,2,0,0,0,0,0,1,2,0,1,1,2,0,0,0,2,1,2,0,0,2,1,1,2,2,2,2,1,0,2,0],"7":[0,0,0,0,1,2,1,1,0,1,0,0,1,2,0,2,1,2,2,2,0,1,2,0,0,0,0,0,0,1,0,0,2,2,0,1,0,1,2,0,2,2,2,1,2,1,1,0],"8":[2,0,0,0,0,2,2,1,0,2,0,0,1,1,0,1,2,2,0,2,0,0,0,0,2,1,0,0,0,0,2,1,1,1,2,2,0,2,0,2,2,1,2,2,2,0,2,0]},"Brentford":{"3":[0,2,0,0,0,1,0,0,0,0,0,0,2,2,0,2,1,2,1,0,1,0,2,2,2,0,0,0,2,0,2,1,0,2,1,1,0,0,0,2,1,1,0,1,0,2,1,0],"4":[1,1,0,0,0,0,1,0,0,0,0,2,2,0,0,2,2,1,2,0,2,2,2,0,2,0,1,1,2,0,2,1,2,1,1,0,1,2,2,1,0,0,1,1,2,0,2,0],"5":[1,1,1,1,1,1,0,0,0,0,0,2,0,1,0,1,2,1,2,2,1,0,0,0,2,1,2,1,0,1,2,0,0,2,0,1,0,1,1,0,0,2,1,0,0,2,2,0],"6":[1,2,0,2,2,2,0,0,1,2,0,2,1,1,1,2,2,2,0,0,2,0,2,1,2,0,2,0,2,1,1,2,0,2,0,1,2,2,0,0,0,2,2,2,2,1,1,2],"7":[0,1,1,0,0,1,0,0,0,2,1,2,0,1,0,2,0,0,0,0,0,0,0,0,1,2,2,2,0,0,1,0,0,0,1,1,2,0,0,2,1,2,2,0,0,2,0,2],"8":[2,2,0,2,0,0,1,2,0,2,0,2,2,2,1,0,2,2,1,2,1,0,0,0,1,1,1,1,2,0,0,2,0,2,0,0,0,0,2,1,2,1,2,0,0,2,2,2],"9":[0,2,1,2,0,1,0,0,0,0,2,2,2,0,2,2,0,1,2,2,2,1,0,0,1,0,2,1,0,0,0,1,0,2,0,1,1,0,2,2,2,2,0,0,0,1,2,1],"10":[0,1,0,2,0,1,0,0,2,0,0,2,2,1,0,0,0,2,0,2,2,0,1,0,2,1,0,2,0,0,1,1,1,1,0,1,0,2,2,1,2,2,0,2,2,0,1,0],"11":[0,1,0,1,0,0,0,1,1,1,2,2,2,0,1,2,0,1,1,0,0,1,1,0,0,0,1,1,0,0,1,0,0,2,0,0,1,0,0,0,1,2,0,0,1,1,1,2],"12":[2,1,0,0,1,0,1,2,1,0,1,0,0,1,0,2,2,0,0,1,1,1,2,0,1,0,1,0,0,0,0,0,2,0,0,2,2,1,2,1,2,2,2,1,2,1,1,2],"13":[1,1,0,2,1,0,1,2,2,2,1,2,0,1,0,2,2,0,2,2,1,1,1,0,0,2,0,1,0,0,0,0,0,2,2,1,1,2,2,0,0,2,2,1,1,0,2,0],"14":[1,2,0,2,0,1,0,2,2,0,0,2,2,0,0,2,2,0,1,2,0,0,0,0,0,1,1,0,0,1,0,0,0,2,1,0,0,1,2,1,2,2,2,2,0,0,1,0],"15":[2,2,0,0,0,1,0,2,2,0,0,1,2,0,0,2,1,2,0,1,1,2,1,0,0,0,2,2,0,0,0,0,1,0,0,2,1,1,1,2,2,2,1,1,2,2,2,1],"16":[2,2,0,1,1,2,0,2,2,2,0,0,2,2,0,0,1,0,2,1,0,2,0,0,0,0,2,2,0,1,0,0,2,0,1,0,2,2,0,2,2,2,2,2,2,2,1,2]},"Brighton & Hove Albion":{"3":[0,2,1,0,2,0,2,0,0,0,0,1,2,1,2,2,2,2,0,2,0,1,2,0,1,0,2,0,1,0,1,2,2,2,1,2,2,1,0,0,2,1,2,1,0,2,2,1],"4":[0,2,1,0,0,1,0,0,0,0,0,1,1,0,2,2,2,1,0,1,1,0,2,0,1,1,1,0,1,0,2,2,1,2,1,2,1,2,1,0,0,2,2,2,2,2,2,1],"5":[0,2,0,0,2,0,1,0,0,0,0,2,1,0,1,2,0,2,2,0,2,0,0,0,2,1,1,0,1,0,0,0,0,2,2,2,1,2,2,1,1,2,0,0,2,0,0,0],"6":[0,1,0,0,0,1,0,1,1,0,0,2,0,1,1,2,1,1,0,1,0,0,1,0,1,0,0,0,0,0,1,1,0,2,1,1,1,1,2,1,1,1,2,2,2,0,1,1],"7":[0,2,1,2,0,1,0,0,0,0,2,2,2,0,2,2,0,1,2,2,2,1,0,0,1,0,2,1,0,0,0,1,0,2,0,1,1,0,2,2,2,2,0,0,0,1,2,1],"8":[2,2,0,2,0,0,0,0,0,2,0,2,2,2,1,2,2,0,1,1,2,1,0,0,1,0,0,2,1,0,1,0,0,2,0,0,0,2,2,0,2,2,2,2,0,2,2,0],"9":[1,2,0,2,0,0,0,0,1,1,0,1,2,0,0,1,0,1,1,2,1,2,0,1,1,2,1,2,1,1,2,2,0,0,2,0,0,1,0,0,1,0,2,1,0,0,2,2],"10":[0,2,0,0,1,2,2,0,0,2,0,2,0,0,1,2,1,2,0,2,1,0,1,0,0,1,0,0,1,0,2,1,0,1,2,2,0,0,0,0,1,2,2,2,1,2,2,0],"11":[0,2,0,0,0,0,0,2,0,2,0,1,2,0,0,2,2,2,2,0,0,0,1,0,1,0,0,0,1,0,2,0,1,1,0,2,1,1,2,0,2,0,1,2,2,0,2,1],"12":[0,1,1,0,0,1,0,0,0,2,1,2,0,1,0,2,0,0,0,0,0,0,0,0,1,2,2,2,0,0,1,0,0,0,1,1,2,0,0,2,1,2,2,0,0,2,0,2],"13":[0,2,1,0,0,0,0,0,1,2,2,1,2,0,1,2,0,2,0,0,2,0,0,0,1,1,0,0,2,0,0,2,1,1,1,1,0,0,0,2,1,2,2,2,2,2,1,0],"14":[1,2,0,0,0,0,1,1,0,2,2,0,2,0,0,2,0,2,1,0,0,1,0,0,0,0,0,1,0,1,0,2,0,0,0,2,1,0,2,0,2,2,2,1,1,2,1,0],"15":[2,1,0,0,2,0,1,1,0,2,2,2,2,2,2,0,1,1,0,0,1,2,0,0,0,1,1,0,2,0,1,0,2,0,0,1,1,1,2,0,0,2,2,0,1,2,2,2]},"Burnley":{"18":[0,2,2,0,0,0,0,1,0,1,1,0,0,1,0,2,0,1,0,1,0,2,0,2,1,0,0,1,0,1,0,1,1,2,1,2,2,2,1,0,2,2,0,2,1,2,1,1],"19":[0,1,1,0,0,1,0,0,0,2,1,2,0,1,0,2,0,0,0,0,0,0,0,0,1,2,2,2,0,0,1,0,0,0,1,1,2,0,0,2,1,2,2,0,0,2,0,2],"20":[0,2,1,2,0,1,0,0,0,0,2,2,2,0,2,2,0,1,2,2,2,1,0,0,1,0,2,1,0,0,0,1,0,2,0,1,1,0,2,2,2,2,0,0,0,1,2,1]},"Chelsea":{"4":[1,1,0,0,0,0,0,0,1,0,2,2,1,0,0,2,0,0,2,1,1,2,2,0,2,2,1,0,2,1,1,2,2,2,0,1,0,2,0,2,1,2,2,2,0,1,2,1],"5":[1,1,0,1,1,0,0,0,1,0,1,2,2,1,0,2,0,2,0,0,2,0,2,0,2,2,1,2,0,2,0,0,0,1,0,2,1,2,2,2,1,2,1,0,0,2,1,1],"6":[1,2,0,2,0,0,0,0,1,1,0,1,2,0,0,1,0,1,1,2,1,2,0,1,1,2,1,2,1,1,2,2,0,0,2,0,0,1,0,0,1,0,2,1,0,0,2,2],"7":[1,2,0,1,0,2,0,0,0,1,2,0,0,2,0,2,2,2,0,0,2,1,0,0,2,1,0,1,1,0,2,1,1,2,0,2,1,2,0,0,1,2,1,1,0,1,1,1],"8":[0,1,1,0,0,1,0,0,0,2,1,2,0,1,0,2,0,0,0,0,0,0,0,0,1,2,2,2,0,0,1,0,0,0,1,1,2,0,0,2,1,2,2,0,0,2,0,2],"9":[2,1,1,0,0,0,2,0,2,0,0,2,2,0,1,0,0,1,1,1,2,2,2,0,0,0,1,0,0,0,1,1,0,0,0,2,1,1,2,1,1,2,2,2,0,0,2,1],"10":[0,2,1,0,2,2,0,0,1,0,0,2,1,1,1,0,0,0,2,1,1,1,2,1,0,1,0,0,0,0,0,1,2,1,2,2,0,0,0,1,0,1,2,0,2,2,2,0],"11":[0,2,1,2,0,1,0,0,0,0,2,2,2,0,2,2,0,1,2,2,2,1,0,0,1,0,2,1,0,0,0,1,0,2,0,1,1,0,2,2,2,2,0,0,0,1,2,1],"12":[1,0,0,0,2,1,1,0,2,0,2,2,2,1,1,2,2,0,2,1,0,0,0,2,1,1,0,2,1,1,0,2,2,2,1,0,1,0,2,2,1,2,1,2,0,1,2,0],"13":[2,2,0,2,0,0,1,2,0,2,0,2,2,2,1,0,2,2,1,2,1,0,0,0,1,1,1,1,2,0,0,2,0,2,0,0,0,0,2,1,2,1,2,0,0,2,2,2],"14":[0,0,0,0,0,2,0,2,0,2,0,1,2,2,1,1,0,0,0,1,1,0,0,0,2,0,2,0,0,0,0,0,2,0,2,0,0,1,0,1,2,2,2,0,2,1,1,2],"15":[0,2,0,1,0,1,1,2,0,1,0,2,1,2,2,0,0,1,0,1,2,0,0,0,0,0,0,0,2,0,2,2,2,1,0,0,2,0,0,0,1,2,1,0,0,2,2,2],"16":[2,1,0,0,2,2,0,0,2,2,0,2,1,2,2,0,2,2,1,2,2,0,0,0,2,1,0,0,2,1,1,2,2,0,0,0,0,0,1,2,1,2,2,2,1,2,2,2]},"Crystal Palace":{"4":[2,1,0,1,0,0,0,2,0,0,0,2,2,1,0,0,0,2,0,1,0,0,1,0,1,0,2,0,0,2,2,1,1,0,1,1,0,0,0,2,0,0,2,2,0,2,2,2],"5":[2,2,0,1,2,0,1,1,1,1,0,2,1,0,0,0,0,0,0,2,0,2,0,0,2,1,2,1,0,1,0,1,0,1,0,2,0,1,1,2,0,2,0,2,2,1,2,1],"6":[2,0,0,2,1,1,0,0,2,1,1,1,2,0,0,0,0,2,2,1,1,0,0,2,1,0,2,0,0,1,1,1,0,0,1,1,0,0,1,2,0,2,2,2,1,0,1,0],"7":[2,1,0,0,0,0,2,2,1,0,1,1,0,2,0,2,0,2,1,0,1,0,0,0,0,1,1,0,0,2,0,2,2,2,1,1,1,0,1,1,1,1,2,2,0,2,2,2],"8":[0,2,1,1,0,1,0,2,0,1,2,1,1,2,0,2,0,2,1,0,1,2,2,0,2,0,2,0,0,2,2,2,1,2,1,0,1,1,0,1,0,1,2,2,0,2,0,0],"9":[0,2,1,0,0,0,0,0,2,2,2,2,2,2,0,0,0,1,0,2,2,0,0,0,2,0,2,0,0,2,2,1,0,0,1,0,0,2,2,0,2,0,2,2,2,2,0,0],"10":[2,1,1,0,0,0,2,0,2,0,0,2,2,0,1,0,0,1,1,1,2,2,2,0,0,0,1,0,0,0,1,1,0,0,0,2,1,1,2,1,1,2,2,2,0,0,2,1],"11":[2,2,0,2,0,0,1,2,0,2,0,2,2,2,1,0,2,2,1,2,1,0,0,0,1,1,1,1,2,0,0,2,0,2,0,0,0,0,2,1,2,1,2,0,0,2,2,2],"12":[1,2,0,2,0,0,0,0,1,1,0,1,2,0,0,1,0,1,1,2,1,2,0,1,1,2,1,2,1,1,2,2,0,0,2,0,0,1,0,0,1,0,2,1,0,0,2,2],"13":[0,1,0,2,0,1,0,0,2,0,0,2,2,1,0,0,0,2,0,2,2,0,1,0,2,1,0,2,0,0,1,1,1,1,0,1,0,2,2,1,2,2,0,2,2,0,1,0],"14":[0,2,1,2,0,1,0,0,0,0,2,2,2,0,2,2,0,1,2,2,2,1,0,0,1,0,2,1,0,0,0,1,0,2,0,1,1,0,2,2,2,2,0,0,0,1,2,1],"15":[1,0,0,0,1,2,1,0,0,0,0,2,2,2,1,2,0,2,2,1,0,2,1,0,0,0,0,0,0,0,0,0,0,2,0,1,0,1,2,0,1,2,2,0,2,0,1,2],"16":[1,0,0,0,2,1,1,0,2,0,2,2,2,1,1,2,2,0,2,1,0,0,0,2,1,1,0,2,1,1,0,2,2,2,1,0,1,0,2,2,1,2,1,2,0,1,2,0],"17":[0,2,0,0,1,0,2,0,1,2,0,2,1,0,2,1,2,1,2,2,2,0,2,0,2,0,0,0,2,0,0,0,0,2,1,0,0,2,1,2,0,0,1,2,2,2,2,1]},"Everton":{"3":[0,0,1,2,0,1,1,2,0,1,0,0,1,2,0,2,2,0,0,0,0,1,0,1,2,1,0,0,0,0,2,1,2,0,2,2,2,2,1,1,2,2,2,2,2,1,0,0],"4":[0,2,0,0,0,0,1,0,0,0,1,2,2,0,0,2,2,0,0,2,1,1,0,0,1,1,1,2,0,0,0,2,2,2,0,2,2,2,0,0,2,1,2,2,1,2,0,0],"5":[2,1,0,0,1,0,1,2,1,0,1,0,0,1,0,2,2,0,0,1,1,1,2,0,1,0,1,0,0,0,0,0,2,0,0,2,2,1,2,1,2,2,2,1,2,1,1,2],"6":[2,2,0,2,0,0,0,0,0,2,0,2,2,2,1,2,2,0,1,1,2,1,0,0,1,0,0,2,1,0,1,0,0,2,0,0,0,2,2,0,2,2,2,2,0,2,2,0],"7":[0,1,0,0,0,1,0,1,1,0,0,2,0,1,1,2,1,1,0,1,0,0,1,0,1,0,0,0,0,0,1,1,0,2,1,1,1,1,2,1,1,1,2,2,2,0,1,1],"8":[1,2,0,2,2,2,0,0,1,2,0,2,1,1,1,2,2,2,0,0,2,0,2,1,2,0,2,0,2,1,1,2,0,2,0,1,2,2,0,0,0,2,2,2,2,1,1,2],"9":[0,1,0,2,0,1,0,0,2,0,0,2,2,1,0,0,0,2,0,2,2,0,1,0,2,1,0,2,0,0,1,1,1,1,0,1,0,2,2,1,2,2,0,2,2,0,1,0],"10":[0,2,1,2,0,1,0,0,0,0,2,2,2,0,2,2,0,1,2,2,2,1,0,0,1,0,2,1,0,0,0,1,0,2,0,1,1,0,2,2,2,2,0,0,0,1,2,1],"11":[1,2,0,2,0,0,0,0,1,1,0,1,2,0,0,1,0,1,1,2,1,2,0,1,1,2,1,2,1,1,2,2,0,0,2,0,0,1,0,0,1,0,2,1,0,0,2,2],"12":[0,2,1,0,2,2,0,0,1,0,0,2,1,1,1,0,0,0,2,1,1,1,2,1,0,1,0,0,0,0,0,1,2,1,2,2,0,0,0,1,0,1,2,0,2,2,2,0],"13":[0,2,1,1,0,1,0,2,0,1,2,1,1,2,0,2,0,2,1,0,1,2,2,0,2,0,2,0,0,2,2,2,1,2,1,0,1,1,0,1,0,1,2,2,0,2,0,0],"14":[1,0,0,0,1,2,1,0,0,0,0,2,2,2,1,2,0,2,2,1,0,2,1,0,0,0,0,0,0,0,0,0,0,2,0,1,0,1,2,0,1,2,2,0,2,0,1,2],"15":[0,2,0,0,1,2,0,0,1,0,0,1,1,1,2,0,0,2,1,1,1,0,2,0,0,0,0,1,0,1,2,2,0,0,0,2,2,2,1,0,0,2,1,0,2,2,1,1],"16":[0,2,0,0,0,0,1,0,1,0,0,2,2,2,0,2,0,1,2,1,2,2,0,0,0,2,2,0,1,0,0,2,2,2,0,0,0,1,0,2,0,1,1,0,2,2,1,2]},"Fulham":{"4":[0,1,2,2,1,2,1,0,2,0,0,0,0,0,2,2,1,1,0,0,0,0,1,1,2,1,2,0,0,0,2,1,0,2,1,0,2,1,2,2,2,1,1,2,0,2,1,0],"5":[1,0,0,2,0,2,2,1,0,0,0,1,0,2,0,0,1,0,0,0,0,0,1,0,1,0,2,0,0,1,0,2,0,0,0,0,2,1,1,1,0,0,2,0,0,2,0,1],"6":[0,1,1,0,0,1,0,0,0,2,1,2,0,1,0,2,0,0,0,0,0,0,0,0,1,2,2,2,0,0,1,0,0,0,1,1,2,0,0,2,1,2,2,0,0,2,0,2],"7":[0,2,1,0,0,0,0,0,2,2,0,0,1,2,0,1,2,2,1,2,0,0,0,0,0,0,0,0,1,0,0,2,0,0,1,2,0,1,1,0,0,0,2,0,2,2,1,1],"8":[0,1,0,1,0,0,0,1,1,1,2,2,2,0,1,2,0,1,1,0,0,1,1,0,0,0,1,1,0,0,1,0,0,2,0,0,1,0,0,0,1,2,0,0,1,1,1,2],"9":[1,2,0,2,2,2,0,0,1,2,0,2,1,1,1,2,2,2,0,0,2,0,2,1,2,0,2,0,2,1,1,2,0,2,0,1,2,2,0,0,0,2,2,2,2,1,1,2],"10":[0,1,0,0,0,1,0,1,1,0,0,2,0,1,1,2,1,1,0,1,0,0,1,0,1,0,0,0,0,0,1,1,0,2,1,1,1,1,2,1,1,1,2,2,2,0,1,1],"11":[0,1,0,2,0,1,0,0,2,0,0,2,2,1,0,0,0,2,0,2,2,0,1,0,2,1,0,2,0,0,1,1,1,1,0,1,0,2,2,1,2,2,0,2,2,0,1,0],"12":[0,2,1,2,0,1,0,0,0,0,2,2,2,0,2,2,0,1,2,2,2,1,0,0,1,0,2,1,0,0,0,1,0,2,0,1,1,0,2,2,2,2,0,0,0,1,2,1],"13":[1,2,0,2,0,0,0,0,1,1,0,1,2,0,0,1,0,1,1,2,1,2,0,1,1,2,1,2,1,1,2,2,0,0,2,0,0,1,0,0,1,0,2,1,0,0,2,2],"14":[2,1,1,0,0,0,2,0,2,0,0,2,2,0,1,0,0,1,1,1,2,2,2,0,0,0,1,0,0,0,1,1,0,0,0,2,1,1,2,1,1,2,2,2,0,0,2,1],"15":[0,0,0,0,1,2,0,2,1,2,0,2,2,2,0,1,1,2,0,2,2,1,1,1,2,1,2,0,0,0,1,0,2,2,0,0,0,0,0,0,0,2,2,1,0,0,2,1],"16":[0,2,0,1,0,1,0,0,0,2,0,1,2,2,0,0,0,2,0,2,2,2,0,0,0,0,1,1,1,1,1,1,2,0,1,2,0,2,2,2,1,2,1,0,2,0,2,1],"17":[2,1,0,0,0,0,2,2,2,1,1,2,1,2,0,2,2,2,0,2,2,2,0,0,2,0,2,0,0,2,0,2,2,1,0,0,1,1,2,0,2,0,0,0,0,0,0,2]},"Leeds United":{"7":[1,2,0,0,2,0,0,2,2,0,0,2,0,2,2,1,0,2,1,0,2,0,0,0,1,0,1,0,1,0,0,0,0,2,0,0,2,0,2,1,0,2,2,1,2,0,0,2],"8":[1,2,0,0,1,0,1,0,2,2,0,2,2,2,0,0,1,1,0,0,2,0,0,0,0,0,2,0,0,0,0,2,2,0,2,1,2,0,2,0,2,2,1,2,2,0,0,2],"9":[1,0,1,0,0,0,0,1,2,0,1,2,2,2,0,1,2,1,0,0,1,2,0,0,1,0,0,0,0,0,0,1,0,1,0,1,2,1,2,2,1,2,2,0,2,0,0,0],"10":[1,0,0,0,1,2,1,0,0,0,0,2,2,2,1,2,0,2,2,1,0,2,1,0,0,0,0,0,0,0,0,0,0,2,0,1,0,1,2,0,1,2,2,0,2,0,1,2],"11":[0,0,2,0,1,2,1,2,1,1,0,2,0,2,0,2,0,1,2,2,1,0,0,0,0,0,0,1,0,1,0,0,2,1,0,0,0,1,1,0,0,1,0,1,2,2,2,0],"12":[0,1,0,2,0,1,0,0,2,0,0,2,2,1,0,0,0,2,0,2,2,0,1,0,2,1,0,2,0,0,1,1,1,1,0,1,0,2,2,1,2,2,0,2,2,0,1,0],"13":[0,2,1,2,0,1,0,0,0,0,2,2,2,0,2,2,0,1,2,2,2,1,0,0,1,0,2,1,0,0,0,1,0,2,0,1,1,0,2,2,2,2,0,0,0,1,2,1],"14":[0,1,0,1,0,0,0,1,1,1,2,2,2,0,1,2,0,1,1,0,0,1,1,0,0,0,1,1,0,0,1,0,0,2,0,0,1,0,0,0,1,2,0,0,1,1,1,2],"15":[1,2,0,2,0,0,0,0,1,1,0,1,2,0,0,1,0,1,1,2,1,2,0,1,1,2,1,2,1,1,2,2,0,0,2,0,0,1,0,0,1,0,2,1,0,0,2,2],"16":[0,1,0,0,0,2,0,2,0,0,0,0,2,0,2,0,2,0,1,2,0,1,2,2,0,0,1,2,0,1,0,1,0,0,0,0,0,1,2,2,0,2,0,0,0,1,2,2],"17":[1,1,0,0,0,2,2,0,2,0,0,0,2,2,0,2,1,1,2,2,1,0,1,0,1,0,1,0,0,0,2,1,2,0,2,0,0,1,2,1,0,0,1,0,0,0,0,1],"18":[1,2,0,0,1,0,0,2,2,2,1,1,1,0,2,2,1,2,2,2,1,1,2,2,0,0,0,0,0,0,0,1,0,0,0,1,1,0,2,2,2,0,1,2,0,2,0,2]},"Liverpool":{"2":[0,2,2,2,2,2,0,0,0,2,0,1,2,0,1,0,1,2,1,0,1,0,2,0,0,0,0,0,0,0,1,2,0,1,0,1,1,1,2,0,1,1,0,0,0,1,0,2],"3":[0,2,1,0,2,2,0,0,1,0,0,2,1,1,1,0,0,0,2,1,1,1,2,1,0,1,0,0,0,0,0,1,2,1,2,2,0,0,0,1,0,1,2,0,2,2,2,0],"4":[1,0,0,0,1,2,1,0,0,0,0,2,2,2,1,2,0,2,2,1,0,2,1,0,0,0,0,0,0,0,0,0,0,2,0,1,0,1,2,0,1,2,2,0,2,0,1,2],"5":[0,2,1,2,0,1,0,0,0,0,2,2,2,0,2,2,0,1,2,2,2,1,0,0,1,0,2,1,0,0,0,1,0,2,0,1,1,0,2,2,2,2,0,0,0,1,2,1],"6":[2,1,0,0,1,0,1,2,1,0,1,0,0,1,0,2,2,0,0,1,1,1,2,0,1,0,1,0,0,0,0,0,2,0,0,2,2,1,2,1,2,2,2,1,2,1,1,2],"7":[0,2,0,0,2,0,1,0,0,0,0,2,1,0,1,2,0,2,2,0,2,0,0,0,2,1,1,0,1,0,0,0,0,2,2,2,1,2,2,1,1,2,0,0,2,0,0,0],"8":[0,0,0,0,1,0,0,0,0,1,0,1,2,0,0,2,1,2,0,0,1,2,1,2,2,2,0,0,0,1,1,0,0,2,2,2,0,0,2,2,1,0,2,0,0,2,1,0],"9":[0,1,0,1,1,0,0,0,0,2,2,2,0,0,0,2,0,1,2,0,0,0,2,0,2,2,2,0,0,0,2,1,2,2,0,1,0,0,2,0,2,2,2,0,1,0,2,2],"10":[0,2,0,0,0,0,0,1,0,0,0,1,0,0,0,1,2,0,1,2,2,1,1,0,2,2,2,0,0,0,2,0,1,0,1,0,1,2,1,2,0,1,0,1,1,2,1,0],"11":[1,0,0,2,0,0,0,0,0,1,1,2,2,1,2,0,0,1,2,1,2,0,2,1,2,2,2,0,0,0,2,0,0,1,0,2,0,2,2,0,0,0,2,1,0,2,2,0],"12":[2,1,1,0,0,0,0,1,0,1,0,2,0,1,0,0,0,2,0,0,0,0,0,0,2,2,2,1,0,0,1,0,0,2,2,2,1,0,0,2,2,2,0,2,2,2,2,2],"13":[2,0,0,1,0,0,0,2,1,0,0,1,0,2,0,1,0,1,0,0,1,0,0,2,2,2,2,0,0,0,2,0,1,1,0,2,0,1,0,0,2,2,2,1,0,2,2,2]},"Manchester City":{"1":[0,2,1,2,0,1,0,0,0,0,2,2,2,0,2,2,0,1,2,2,2,1,0,0,1,0,2,1,0,0,0,1,0,2,0,1,1,0,2,2,2,2,0,0,0,1,2,1],"2":[0,1,1,0,0,1,0,0,0,2,1,2,0,1,0,2,0,0,0,0,0,0,0,0,1,2,2,2,0,0,1,0,0,0,1,1,2,0,0,2,1,2,2,0,0,2,0,2],"3":[1,0,0,2,1,0,0,0,0,1,2,2,2,2,1,2,2,0,0,2,2,2,1,1,0,0,2,1,2,2,1,0,0,2,0,2,2,2,0,1,1,2,2,1,1,1,2,0],"4":[2,0,0,1,1,0,0,0,2,2,0,2,2,1,1,0,0,1,0,2,2,0,2,1,0,2,0,2,1,1,0,0,0,0,0,2,1,2,2,0,2,2,2,0,0,2,2,2]},"Manchester United":{"2":[2,2,1,1,2,0,1,2,0,2,0,1,0,0,0,0,0,2,0,2,2,0,0,0,1,0,0,1,0,1,0,0,0,2,0,1,2,2,2,0,1,1,1,0,0,1,0,0],"3":[0,1,0,0,0,1,0,1,1,0,0,2,0,1,1,2,1,1,0,1,0,0,1,0,1,0,0,0,0,0,1,1,0,2,1,1,1,1,2,1,1,1,2,2,2,0,1,1],"4":[0,2,1,2,0,1,0,0,0,0,2,2,2,0,2,2,0,1,2,2,2,1,0,0,1,0,2,1,0,0,0,1,0,2,0,1,1,0,2,2,2,2,0,0,0,1,2,1],"5":[0,2,1,0,2,2,0,0,1,0,0,2,1,1,1,0,0,0,2,1,1,1,2,1,0,1,0,0,0,0,0,1,2,1,2,2,0,0,0,1,0,1,2,0,2,2,2,0],"6":[1,0,1,0,2,1,0,1,1,0,2,1,2,0,0,0,0,1,2,2,0,0,0,0,0,1,0,2,1,0,2,2,2,1,2,2,1,1,1,0,2,1,1,1,0,2,1,2],"7":[0,1,0,0,0,1,1,0,0,1,0,2,1,0,0,2,2,0,0,2,2,0,2,1,2,2,2,0,2,0,2,2,2,0,0,2,0,0,0,1,0,2,0,2,1,2,0,0],"8":[0,1,0,2,2,2,1,1,1,0,0,1,2,1,1,1,2,2,0,0,0,0,2,0,1,1,2,0,0,0,2,2,2,1,2,2,0,1,0,0,2,2,2,2,0,1,1,0],"9":[1,0,0,0,0,1,0,0,0,0,0,1,1,0,0,0,2,2,1,2,0,2,1,1,2,1,1,0,1,0,2,2,2,1,1,2,2,2,0,0,1,2,1,1,2,0,0,2],"10":[0,0,0,2,0,1,0,0,0,0,0,1,1,0,2,1,2,0,1,2,2,1,2,0,1,0,0,2,1,0,2,2,2,0,0,1,0,0,0,0,2,2,2,2,1,1,2,2]},"Newcastle United":{"5":[1,1,0,0,2,0,0,0,0,2,1,1,2,1,0,2,0,1,1,0,1,2,0,1,2,1,1,0,0,0,0,0,0,0,0,2,2,1,1,2,1,2,2,1,0,2,1,0],"6":[0,0,0,2,2,1,0,1,0,2,0,2,1,0,0,0,1,2,1,0,2,2,0,1,2,0,0,2,0,0,0,0,0,0,0,0,2,0,0,0,2,2,2,2,1,1,0,2],"7":[1,2,0,0,0,0,0,0,0,2,0,0,0,0,1,2,0,2,0,1,2,2,0,0,0,0,0,0,0,0,0,0,0,0,0,0,2,0,1,2,2,2,2,0,1,0,1,0],"8":[0,0,0,0,2,0,0,1,2,2,0,1,0,2,0,2,1,2,1,2,2,2,0,1,0,1,0,1,1,0,2,2,0,1,1,2,2,1,2,1,1,2,2,0,0,1,2,1],"9":[1,2,0,0,1,0,1,0,1,0,2,1,0,0,0,2,1,0,2,0,0,2,0,0,1,0,1,0,0,1,0,1,0,0,0,1,1,0,0,2,1,1,1,0,0,2,0,0],"10":[2,2,2,0,0,0,0,2,0,2,1,2,1,1,0,0,0,1,2,2,1,2,1,0,1,0,1,0,0,0,1,1,1,0,0,2,1,0,0,0,1,2,0,2,2,2,1,1],"11":[1,2,0,0,1,2,2,0,0,0,0,2,0,2,1,0,1,1,0,0,0,0,0,0,1,1,1,0,0,1,0,2,0,0,0,1,2,2,2,2,2,2,1,2,2,1,1,0],"12":[1,2,0,2,2,2,0,0,1,2,0,2,1,1,1,2,2,2,0,0,2,0,2,1,2,0,2,0,2,1,1,2,0,2,0,1,2,2,0,0,0,2,2,2,2,1,1,2],"13":[1,0,0,0,1,2,1,0,0,0,0,2,2,2,1,2,0,2,2,1,0,2,1,0,0,0,0,0,0,0,0,0,0,2,0,1,0,1,2,0,1,2,2,0,2,0,1,2],"14":[1,2,0,2,0,0,0,0,1,1,0,1,2,0,0,1,0,1,1,2,1,2,0,1,1,2,1,2,1,1,2,2,0,0,2,0,0,1,0,0,1,0,2,1,0,0,2,2],"15":[0,2,1,2,0,1,0,0,0,0,2,2,2,0,2,2,0,1,2,2,2,1,0,0,1,0,2,1,0,0,0,1,0,2,0,1,1,0,2,2,2,2,0,0,0,1,2,1],"16":[2,2,0,2,0,0,1,2,0,2,0,2,2,2,1,0,2,2,1,2,1,0,0,0,1,1,1,1,2,0,0,2,0,2,0,0,0,0,2,1,2,1,2,0,0,2,2,2],"17":[1,2,0,1,0,0,2,0,2,2,0,1,2,2,0,2,0,2,2,2,0,0,1,0,1,2,2,0,1,2,0,1,1,1,2,2,0,2,2,0,1,0,2,1,0,2,0,0],"18":[0,1,0,0,0,2,2,0,2,0,0,0,0,1,2,2,1,2,0,2,1,0,0,0,0,1,2,1,0,0,0,0,0,2,2,2,0,0,2,2,0,1,1,0,1,0,1,2]},"Nottingham Forest":{"7":[1,2,0,0,0,2,0,1,2,2,2,2,1,2,1,2,0,1,2,0,2,1,0,0,1,1,0,0,0,0,0,1,2,1,1,0,0,2,2,2,0,0,2,1,1,1,1,2],"8":[1,2,0,0,0,0,0,2,0,0,0,1,2,2,1,2,0,2,1,0,2,1,0,2,2,0,0,1,1,0,0,0,2,0,0,0,0,1,1,2,1,2,2,1,0,0,1,2],"9":[1,2,2,0,1,2,0,1,0,2,1,2,2,2,2,0,1,2,0,1,2,2,0,1,2,0,1,0,1,0,1,0,2,1,1,0,0,2,1,2,1,2,2,1,2,2,1,1],"10":[0,0,0,0,0,0,0,0,0,2,0,2,1,2,1,2,2,0,0,1,2,0,2,0,0,0,2,0,0,0,0,1,2,0,2,0,0,1,2,2,0,2,0,1,2,0,0,0],"11":[2,1,0,0,2,2,0,0,2,2,0,2,1,2,2,0,2,2,1,2,2,0,0,0,2,1,0,0,2,1,1,2,2,0,0,0,0,0,1,2,1,2,2,2,1,2,2,2],"12":[1,0,0,1,2,1,0,0,0,1,0,2,0,2,0,2,1,2,0,1,2,0,2,1,2,1,0,1,1,1,2,2,1,2,0,0,0,2,2,2,2,2,2,0,0,0,2,1],"13":[0,0,0,0,1,2,0,2,1,2,0,2,2,2,0,1,1,2,0,2,2,1,1,1,2,1,2,0,0,0,1,0,2,2,0,0,0,0,0,0,0,2,2,1,0,0,2,1],"14":[0,2,0,1,0,0,0,2,0,1,2,2,0,2,0,2,1,2,0,2,0,0,2,0,0,1,0,0,0,0,0,1,1,1,1,0,0,0,2,0,1,0,2,1,0,2,1,0],"15":[0,1,0,0,0,2,0,2,0,0,0,0,2,0,2,0,2,0,1,2,0,1,2,2,0,0,1,2,0,1,0,1,0,0,0,0,0,1,2,2,0,2,0,0,0,1,2,2],"16":[0,1,1,0,0,1,0,0,0,2,1,2,0,1,0,2,0,0,0,0,0,0,0,0,1,2,2,2,0,0,1,0,0,0,1,1,2,0,0,2,1,2,2,0,0,2,0,2],"17":[0,2,1,2,0,1,0,0,0,0,2,2,2,0,2,2,0,1,2,2,2,1,0,0,1,0,2,1,0,0,0,1,0,2,0,1,1,0,2,2,2,2,0,0,0,1,2,1],"18":[0,2,0,1,0,1,2,0,1,2,0,2,2,0,2,2,0,2,0,0,2,0,0,0,2,2,0,0,0,0,2,1,0,1,0,1,1,0,2,0,2,2,1,0,2,0,2,1]},"Sunderland":{"4":[1,2,0,0,0,0,0,2,1,0,0,2,1,2,1,2,0,1,2,2,2,1,0,0,1,2,1,1,1,0,2,2,0,0,0,1,0,0,0,0,2,2,2,2,2,2,2,0],"5":[1,0,0,0,0,0,0,2,0,0,2,2,2,2,0,1,1,0,2,2,2,0,1,1,2,0,1,2,0,1,0,0,0,1,1,2,0,0,0,0,0,2,2,2,2,0,2,1],"6":[0,1,0,1,0,0,0,1,1,1,2,2,2,0,1,2,0,1,1,0,0,1,1,0,0,0,1,1,0,0,1,0,0,2,0,0,1,0,0,0,1,2,0,0,1,1,1,2],"7":[0,2,0,1,0,1,2,0,1,2,0,2,2,0,2,2,0,2,0,0,2,0,0,0,2,2,0,0,0,0,2,1,0,1,0,1,1,0,2,0,2,2,1,0,2,0,2,1],"8":[0,2,1,2,0,1,0,0,0,0,2,2,2,0,2,2,0,1,2,2,2,1,0,0,1,0,2,1,0,0,0,1,0,2,0,1,1,0,2,2,2,2,0,0,0,1,2,1],"9":[1,1,0,2,1,0,1,2,2,2,1,2,0,1,0,2,2,0,2,2,1,1,1,0,0,2,0,1,0,0,0,0,0,2,2,1,1,2,2,0,0,2,2,1,1,0,2,0],"10":[1,2,0,2,2,2,0,0,1,2,0,2,1,1,1,2,2,2,0,0,2,0,2,1,2,0,2,0,2,1,1,2,0,2,0,1,2,2,0,0,0,2,2,2,2,1,1,2],"11":[0,1,1,0,0,1,0,0,0,2,1,2,0,1,0,2,0,0,0,0,0,0,0,0,1,2,2,2,0,0,1,0,0,0,1,1,2,0,0,2,1,2,2,0,0,2,0,2],"12":[0,1,0,0,0,1,0,1,1,0,0,2,0,1,1,2,1,1,0,1,0,0,1,0,1,0,0,0,0,0,1,1,0,2,1,1,1,1,2,1,1,1,2,2,2,0,1,1],"13":[0,2,0,1,0,1,0,1,0,2,0,2,0,0,0,1,2,0,0,2,0,0,1,1,0,0,1,0,1,0,1,1,0,0,0,2,2,2,2,1,0,2,1,0,2,2,1,0],"14":[0,1,0,2,0,1,0,0,2,0,0,2,2,1,0,0,0,2,0,2,2,0,1,0,2,1,0,2,0,0,1,1,1,1,0,1,0,2,2,1,2,2,0,2,2,0,1,0],"15":[1,2,0,0,1,2,2,0,0,0,0,2,0,2,1,0,1,1,0,0,0,0,0,0,1,1,1,0,0,1,0,2,0,0,0,1,2,2,2,2,2,2,1,2,2,1,1,0],"16":[1,0,1,0,0,2,0,0,0,1,0,1,0,2,2,1,2,2,0,0,0,0,0,2,0,0,1,0,2,0,0,0,2,0,1,1,2,2,2,2,1,0,2,0,2,0,0,0],"17":[0,1,1,0,2,1,0,0,2,2,0,0,2,1,0,1,0,2,0,0,2,0,2,0,0,1,0,2,0,1,0,1,0,0,2,0,0,2,2,2,2,2,1,0,0,0,0,0]},"Tottenham Hotspur":{"12":[0,2,0,0,0,0,2,0,0,0,0,2,0,0,2,2,2,1,0,2,2,1,2,0,1,0,0,0,1,2,1,0,0,2,2,0,2,0,0,0,0,0,1,0,0,0,0,2],"13":[0,0,0,2,1,2,2,0,2,2,0,2,2,2,2,1,2,2,1,0,0,0,2,0,1,0,0,1,0,0,0,2,0,2,0,2,0,1,2,2,0,0,0,2,1,2,1,2],"14":[0,1,0,0,0,0,0,1,0,1,1,2,0,0,2,2,1,2,1,2,2,0,2,1,1,0,0,0,0,0,2,1,0,2,2,1,0,1,0,0,0,0,1,2,1,2,1,2],"15":[1,1,0,0,0,0,1,0,2,2,1,2,2,0,2,2,2,2,0,2,2,2,2,0,0,1,1,2,0,0,1,0,2,1,0,2,2,2,2,1,0,0,2,1,0,2,2,2],"16":[1,2,0,2,0,0,0,2,0,2,0,0,0,0,2,1,2,1,2,2,0,0,2,0,1,1,0,0,0,2,2,2,0,1,2,2,2,2,2,0,0,0,1,1,0,0,2,2],"17":[0,1,0,0,0,1,0,1,1,0,0,2,0,1,1,2,1,1,0,1,0,0,1,0,1,0,0,0,0,0,1,1,0,2,1,1,1,1,2,1,1,1,2,2,2,0,1,1],"18":[0,2,1,2,0,1,0,0,0,0,2,2,2,0,2,2,0,1,2,2,2,1,0,0,1,0,2,1,0,0,0,1,0,2,0,1,1,0,2,2,2,2,0,0,0,1,2,1],"19":[0,2,0,0,2,1,0,0,2,2,2,1,2,2,0,2,2,0,1,2,2,2,0,0,0,2,0,0,0,0,1,1,2,2,1,2,0,0,2,2,2,2,2,0,2,0,0,0]},"West Ham United":{"11":[0,1,1,0,0,0,2,2,2,0,1,2,0,0,0,2,1,2,0,2,1,1,1,0,0,2,0,0,2,0,0,2,0,2,2,2,2,2,2,2,2,1,0,0,0,0,0,0],"12":[0,1,0,0,1,0,0,1,2,1,0,2,2,0,0,2,0,1,0,1,0,1,1,1,2,2,0,1,0,0,0,0,0,0,2,1,0,2,1,2,2,1,0,0,0,0,1,1],"13":[1,2,0,1,0,0,0,1,2,2,1,0,0,2,0,2,2,2,2,2,2,1,2,1,1,2,0,2,0,0,2,1,1,1,2,1,1,0,2,1,1,1,1,0,0,1,0,0],"14":[0,1,0,1,0,2,0,0,2,0,0,1,2,1,1,2,1,2,0,1,2,0,1,2,1,1,0,0,0,0,2,0,1,0,0,1,1,0,2,1,2,1,0,0,0,0,2,1],"15":[0,2,0,1,2,1,0,0,2,0,0,2,2,0,0,2,2,1,0,2,0,1,1,0,1,1,0,0,0,0,2,2,0,2,2,1,2,2,1,2,2,0,0,0,2,1,2,1],"16":[0,2,1,2,0,1,0,0,0,0,2,2,2,0,2,2,0,1,2,2,2,1,0,0,1,0,2,1,0,0,0,1,0,2,0,1,1,0,2,2,2,2,0,0,0,1,2,1],"17":[0,1,1,0,0,1,0,0,0,2,1,2,0,1,0,2,0,0,0,0,0,0,0,0,1,2,2,2,0,0,1,0,0,0,1,1,2,0,0,2,1,2,2,0,0,2,0,2],"18":[0,1,0,0,0,1,0,1,1,0,0,2,0,1,1,2,1,1,0,1,0,0,1,0,1,0,0,0,0,0,1,1,0,2,1,1,1,1,2,1,1,1,2,2,2,0,1,1]},"Wolverhampton Wanderers":{"18":[0,2,0,0,2,1,0,0,2,2,2,1,2,2,0,2,2,0,1,2,2,2,0,0,0,2,0,0,0,0,1,1,2,2,1,2,0,0,2,2,2,2,2,0,2,0,0,0],"19":[0,2,1,2,0,1,0,0,0,0,2,2,2,0,2,2,0,1,2,2,2,1,0,0,1,0,2,1,0,0,0,1,0,2,0,1,1,0,2,2,2,2,0,0,0,1,2,1],"20":[0,1,1,0,0,1,0,0,0,2,1,2,0,1,0,2,0,0,0,0,0,0,0,0,1,2,2,2,0,0,1,0,0,0,1,1,2,0,0,2,1,2,2,0,0,2,0,2]}},"impossible":{"AFC Bournemouth":[false,true,true,false,false,false,false,false,false,false,false,false,false,false,false,false,false,true,true,true,true],"Arsenal":[false,false,false,false,false,true,true,true,true,true,true,true,true,true,true,true,true,true,true,true,true],"Aston Villa":[false,true,false,false,false,false,false,false,false,false,false,false,false,false,true,true,true,true,true,true,true],"Brentford":[false,true,true,false,false,false,false,false,false,false,false,false,false,false,false,false,false,false,true,true,true],"Brighton & Hove Albion":[false,true,true,false,false,false,false,false,false,false,false,false,false,false,false,false,false,true,true,true,true],"Burnley":[false,true,true,true,true,true,true,true,true,true,true,true,true,true,true,true,true,true,false,false,false],"Chelsea":[false,true,true,true,false,false,false,false,false,false,false,false,false,false,false,false,false,false,true,true,true],"Crystal Palace":[false,true,true,true,false,false,false,false,false,false,false,false,false,false,false,false,false,false,false,true,true],"Everton":[false,true,true,false,false,false,false,false,false,false,false,false,false,false,false,false,false,false,true,true,true],"Fulham":[false,true,true,false,false,false,false,false,false,false,false,false,false,false,false,false,false,false,false,true,true],"Leeds United":[false,true,true,true,true,true,false,false,false,false,false,false,false,false,false,false,false,false,false,true,true],"Liverpool":[false,true,false,false,false,false,false,false,false,false,false,false,false,false,false,true,true,true,true,true,true],"Manchester City":[false,false,false,false,false,false,true,true,true,true,true,true,true,true,true,true,true,true,true,true,true],"Manchester United":[false,true,false,false,false,false,false,false,false,false,false,false,false,false,true,true,true,true,true,true,true],"Newcastle United":[false,true,true,true,true,false,false,false,false,false,false,false,false,false,false,false,false,false,false,true,true],"Nottingham Forest":[false,true,true,true,true,true,true,false,false,false,false,false,false,false,false,false,false,false,false,true,true],"Sunderland":[false,true,true,true,false,false,false,false,false,false,false,false,false,false,false,false,false,false,false,true,true],"Tottenham Hotspur":[false,true,true,true,true,true,true,true,true,true,true,false,false,false,false,false,false,false,false,false,true],"West Ham United":[false,true,true,true,true,true,true,true,false,false,false,false,false,false,false,false,false,false,false,true,true],"Wolverhampton Wanderers":[false,true,true,true,true,true,true,true,true,true,true,true,true,true,true,true,true,true,false,false,false]},"ilpTimeouts":{"AFC Bournemouth":{},"Arsenal":{},"Aston Villa":{"9":true,"10":true,"11":true,"12":true,"13":true},"Brentford":{"17":true},"Brighton & Hove Albion":{"16":true},"Burnley":{},"Chelsea":{"17":true},"Crystal Palace":{"18":true},"Everton":{"17":true},"Fulham":{"3":true,"18":true},"Leeds United":{"6":true},"Liverpool":{"14":true},"Manchester City":{"5":true},"Manchester United":{"11":true,"12":true,"13":true},"Newcastle United":{},"Nottingham Forest":{},"Sunderland":{"18":true},"Tottenham Hotspur":{"11":true},"West Ham United":{"8":true,"9":true,"10":true},"Wolverhampton Wanderers":{}}},{"tier":2,"division":"EFL Championship","teams":["Birmingham City","Blackburn Rovers","Bristol City","Charlton Athletic","Coventry City","Derby County","Hull City","Ipswich Town","Leicester City","Middlesbrough","Millwall","Norwich City","Oxford United","Portsmouth","Preston North End","Queens Park Rangers","Sheffield United","Sheffield Wednesday","Southampton","Stoke City","Swansea City","Watford","West Bromwich Albion","Wrexham"],"basePoints":[60,52,59,50,89,66,70,79,42,76,79,64,44,51,57,58,57,-3,76,55,60,57,52,70],"fixtures":[[0,2,0.41796624189707743,0.2892315839214491,0.2928021741814735],[1,8,0.5428189861369992,0.26620091208049806,0.19098010178250283],[2,19,0.5142448921208382,0.27328732913605275,0.21246777874310904],[3,6,0.26511449250352487,0.2854042781060665,0.4494812293904085],[4,23,0.4987238507653478,0.2766963293650281,0.22457981986962405],[5,16,0.44109096646481655,0.2865597391317241,0.2723492944034593],[6,11,0.32177410631834935,0.29161046298394994,0.3866154306977007],[7,15,0.675588731653461,0.21979770671696278,0.10461356162957626],[8,10,0.13908403605609018,0.24247909057771005,0.6184368733661998],[9,21,0.5488611752983673,0.2645693442328845,0.1865694804687482],[10,12,0.6646498741289366,0.22445792122418726,0.11089220464687621],[11,20,0.5111510561954509,0.2739917726489817,0.21485717115556732],[12,17,0.6586560798173404,0.22694700962250974,0.11439691056014994],[13,0,0.3629426604153879,0.2924110484445172,0.344646291140095],[14,18,0.16624810515816044,0.2561916458149649,0.5775602490268748],[15,5,0.3149198449437584,0.29118955220211545,0.3938906028541261],[16,14,0.4862249704794786,0.27921292498490397,0.23456210453561746],[17,22,0.1332745275359962,0.23911491212192681,0.627610560342077],[18,7,0.41167531415344144,0.28982566112258573,0.29849902472397283],[19,13,0.35275814169438535,0.2924794152156171,0.3547624430899976],[20,3,0.5578637333907401,0.2620528507511375,0.1800834158581224],[21,4,0.16423697228579187,0.25528067517499037,0.5804823525392179],[22,7,0.2213306203535745,0.27582095694655023,0.5028484226998753],[23,9,0.4757656773938629,0.28116021558874715,0.24307410701739002]],"posProbs":{"Birmingham City":[0,0,0,0,0,0,0,0,0.001616,0.037703,0.373383,0.232335,0.173958,0.113904,0.052593,0.012955,0.001497,0.000056,0,0,0,0,0,0,0],"Blackburn Rovers":[0,0,0,0,0,0,0,0,0,0,0,0,0,0,0,0,0,0.013564,0.207765,0.368471,0.30248,0.10772,0,0,0],"Bristol City":[0,0,0,0,0,0,0,0,0,0.013353,0.213349,0.207865,0.247939,0.150249,0.098285,0.051152,0.01583,0.001978,0,0,0,0,0,0,0],"Charlton Athletic":[0,0,0,0,0,0,0,0,0,0,0,0,0,0,0,0,0,0.008121,0.040677,0.088926,0.193234,0.660058,0.008984,0,0],"Coventry City":[0,1,0,0,0,0,0,0,0,0,0,0,0,0,0,0,0,0,0,0,0,0,0,0,0],"Derby County":[0,0,0,0,0,0,0.022123,0.101045,0.614897,0.255125,0.006629,0.000181,0,0,0,0,0,0,0,0,0,0,0,0,0],"Hull City":[0,0,0,0,0.000207,0.009048,0.515529,0.399851,0.066833,0.008532,0,0,0,0,0,0,0,0,0,0,0,0,0,0,0],"Ipswich Town":[0,0,0.618835,0.303765,0.06348,0.01392,0,0,0,0,0,0,0,0,0,0,0,0,0,0,0,0,0,0,0],"Leicester City":[0,0,0,0,0,0,0,0,0,0,0,0,0,0,0,0,0,0,0,0,0,0,0.080164,0.919836,0],"Middlesbrough":[0,0,0.003785,0.044742,0.371948,0.56436,0.014217,0.000948,0,0,0,0,0,0,0,0,0,0,0,0,0,0,0,0,0],"Millwall":[0,0,0.364149,0.55451,0.068206,0.013135,0,0,0,0,0,0,0,0,0,0,0,0,0,0,0,0,0,0,0],"Norwich City":[0,0,0,0,0,0,0.001619,0.025883,0.242021,0.608329,0.094364,0.027458,0.000326,0,0,0,0,0,0,0,0,0,0,0,0],"Oxford United":[0,0,0,0,0,0,0,0,0,0,0,0,0,0,0,0,0,0,0,0,0,0.008984,0.910852,0.080164,0],"Portsmouth":[0,0,0,0,0,0,0,0,0,0,0,0,0,0,0,0.003514,0.025185,0.081456,0.1294,0.242525,0.338826,0.179094,0,0,0],"Preston North End":[0,0,0,0,0,0,0,0,0,0,0.006385,0.025297,0.063507,0.125173,0.151544,0.174963,0.240734,0.186102,0.025804,0.000491,0,0,0,0,0],"Queens Park Rangers":[0,0,0,0,0,0,0,0,0,0.000271,0.018749,0.053546,0.13325,0.176472,0.248902,0.222329,0.113483,0.030809,0.002189,0,0,0,0,0,0],"Sheffield United":[0,0,0,0,0,0,0,0,0,0,0.021585,0.074976,0.141087,0.212241,0.1907,0.137769,0.128112,0.082653,0.010686,0.000191,0,0,0,0,0],"Sheffield Wednesday":[0,0,0,0,0,0,0,0,0,0,0,0,0,0,0,0,0,0,0,0,0,0,0,0,1],"Southampton":[0,0,0.013231,0.096983,0.495837,0.388173,0.005513,0.000263,0,0,0,0,0,0,0,0,0,0,0,0,0,0,0,0,0],"Stoke City":[0,0,0,0,0,0,0,0,0,0,0.00051,0.00733,0.029447,0.035373,0.064721,0.145238,0.163516,0.298709,0.165435,0.069942,0.018994,0.000785,0,0,0],"Swansea City":[0,0,0,0,0,0,0,0,0.002964,0.073051,0.260252,0.352557,0.165262,0.095083,0.040874,0.009047,0.000892,0.000018,0,0,0,0,0,0,0],"Watford":[0,0,0,0,0,0,0,0,0,0,0.004794,0.018455,0.045224,0.091287,0.146957,0.21264,0.258165,0.194562,0.027395,0.000521,0,0,0,0,0],"West Bromwich Albion":[0,0,0,0,0,0,0,0,0,0,0,0,0,0.000218,0.005424,0.030393,0.052586,0.101972,0.390649,0.228933,0.146466,0.043359,0,0,0],"Wrexham":[0,0,0,0,0.000322,0.011364,0.440999,0.47201,0.071669,0.003636,0,0,0,0,0,0,0,0,0,0,0,0,0,0,0]},"examples":{"Birmingham City":{"8":[0,0,1,0,0,2,0,1,2,1,0,1,0,2,1,0,1,0,2,2,2,1,0,0],"9":[0,2,2,2,0,0,1,0,1,2,0,2,0,2,2,2,2,2,0,0,1,0,2,0],"10":[1,0,0,2,0,0,1,1,2,0,0,0,0,2,2,2,1,2,2,0,0,2,2,0],"11":[1,1,0,2,0,0,2,0,0,2,1,0,0,0,2,1,0,1,2,2,2,2,0,1],"12":[1,1,0,2,0,2,2,0,0,2,1,2,2,1,2,2,1,2,1,1,2,1,0,2],"13":[2,1,0,1,0,0,1,0,1,0,0,2,1,1,0,2,2,2,0,2,0,0,1,1],"14":[2,0,2,0,0,2,1,2,2,0,1,2,0,1,2,0,0,1,1,2,1,2,2,0],"15":[2,1,1,2,1,1,0,0,1,1,0,1,1,0,0,0,0,2,0,1,1,2,2,1],"16":[2,2,2,0,0,2,1,1,2,2,0,1,2,0,2,1,0,2,1,0,1,2,1,0],"17":[2,2,2,2,0,2,0,1,2,2,0,2,0,0,1,0,2,2,1,0,0,2,2,2]},"Blackburn Rovers":{"17":[2,0,0,2,2,2,2,0,2,0,0,0,2,2,2,0,0,0,0,2,1,0,2,1],"18":[1,0,0,2,0,0,1,1,2,0,0,0,0,2,2,2,1,2,2,0,0,2,2,0],"19":[2,0,0,2,2,1,1,1,1,0,2,0,2,2,2,2,0,1,0,1,2,0,0,0],"20":[2,1,0,1,0,0,1,0,1,0,0,2,1,1,0,2,2,2,0,2,0,0,1,1],"21":[1,1,0,2,0,0,2,0,0,2,1,0,0,0,2,1,0,1,2,2,2,2,0,1]},"Bristol City":{"9":[2,0,0,1,0,1,1,0,1,2,1,2,1,2,0,0,0,2,1,2,2,1,2,1],"10":[1,1,0,2,0,0,2,0,0,2,1,0,0,0,2,1,0,1,2,2,2,2,0,1],"11":[1,0,0,2,0,0,1,1,2,0,0,0,0,2,2,2,1,2,2,0,0,2,2,0],"12":[2,2,2,0,0,2,1,1,2,2,0,1,2,0,2,1,0,2,1,0,1,2,1,0],"13":[2,0,2,0,0,2,1,2,2,0,1,2,0,1,2,0,0,1,1,2,1,2,2,0],"14":[2,2,2,0,0,2,1,2,1,2,1,0,2,0,0,0,2,2,1,2,0,0,2,0],"15":[0,2,2,2,0,0,1,0,1,2,0,2,0,2,2,2,2,2,0,0,1,0,2,0],"16":[0,0,2,2,2,2,1,0,0,2,1,0,2,1,2,0,0,2,2,0,1,0,1,0],"17":[0,1,2,1,1,0,1,1,2,0,1,0,0,1,0,2,0,2,0,0,0,0,2,1]},"Charlton Athletic":{"17":[2,1,0,0,0,2,0,0,2,2,1,0,0,1,2,1,2,0,2,2,2,2,1,2],"18":[0,1,1,0,1,0,1,0,0,0,1,2,1,2,2,2,1,1,2,0,0,1,2,0],"19":[1,1,0,2,0,2,2,0,0,2,1,2,2,1,2,2,1,2,1,1,2,1,0,2],"20":[1,1,0,2,0,0,2,0,0,2,1,0,0,0,2,1,0,1,2,2,2,2,0,1],"21":[1,0,0,2,0,0,1,1,2,0,0,0,0,2,2,2,1,2,2,0,0,2,2,0],"22":[0,1,0,2,1,0,1,1,2,0,2,1,0,0,2,0,1,2,2,0,0,2,2,0]},"Coventry City":{"1":[1,0,0,2,0,0,1,1,2,0,0,0,0,2,2,2,1,2,2,0,0,2,2,0]},"Derby County":{"6":[2,1,0,1,0,0,1,0,1,0,0,2,1,1,0,2,2,2,0,2,0,0,1,1],"7":[0,1,1,0,1,0,1,0,0,0,1,2,1,2,2,2,1,1,2,0,0,1,2,0],"8":[1,0,0,2,0,0,1,1,2,0,0,0,0,2,2,2,1,2,2,0,0,2,2,0],"9":[2,1,1,2,0,1,2,0,0,2,2,0,0,1,2,1,1,1,0,0,1,2,0,1],"10":[0,2,2,1,1,2,0,0,2,1,0,0,2,2,0,0,0,2,2,1,0,2,2,0],"11":[0,2,2,2,0,2,2,0,1,0,0,2,0,2,2,0,1,2,1,0,0,2,1,0]},"Hull City":{"4":[2,1,2,2,0,1,0,0,2,2,0,1,2,2,0,1,1,2,2,1,0,0,2,0],"5":[0,0,0,2,2,1,0,1,2,2,0,1,1,0,0,0,0,2,1,0,2,1,2,0],"6":[1,0,0,2,0,0,1,1,2,0,0,0,0,2,2,2,1,2,2,0,0,2,2,0],"7":[2,0,0,2,2,1,1,1,1,0,2,0,2,2,2,2,0,1,0,1,2,0,0,0],"8":[0,1,1,0,1,0,1,0,0,0,1,2,1,2,2,2,1,1,2,0,0,1,2,0],"9":[0,1,1,0,1,0,2,2,2,1,2,0,1,2,0,2,0,1,1,1,0,1,1,0]},"Ipswich Town":{"2":[1,0,0,2,0,0,1,1,2,0,0,0,0,2,2,2,1,2,2,0,0,2,2,0],"3":[2,2,2,0,0,2,1,1,2,2,0,1,2,0,2,1,0,2,1,0,1,2,1,0],"4":[2,0,0,2,2,1,1,1,1,0,2,0,2,2,2,2,0,1,0,1,2,0,0,0],"5":[2,1,0,0,2,0,0,1,2,0,0,0,1,0,2,0,1,0,0,1,0,0,0,1]},"Leicester City":{"22":[2,2,2,0,0,2,1,1,2,2,0,1,2,0,2,1,0,2,1,0,1,2,1,0],"23":[1,0,0,2,0,0,1,1,2,0,0,0,0,2,2,2,1,2,2,0,0,2,2,0]},"Middlesbrough":{"2":[2,1,0,2,0,1,2,1,0,0,1,1,0,0,2,1,1,2,0,1,1,0,0,2],"3":[2,0,0,0,0,2,1,0,0,1,1,1,0,0,0,2,0,1,0,0,2,2,0,2],"4":[1,0,0,2,0,0,1,1,2,0,0,0,0,2,2,2,1,2,2,0,0,2,2,0],"5":[1,1,0,2,0,0,2,0,0,2,1,0,0,0,2,1,0,1,2,2,2,2,0,1],"6":[0,0,2,2,2,2,1,0,0,2,1,0,2,1,2,0,0,2,2,0,1,0,1,0],"7":[0,0,0,2,2,1,0,1,2,2,0,1,1,0,0,0,0,2,1,0,2,1,2,0]},"Millwall":{"2":[2,2,2,0,0,2,1,1,2,2,0,1,2,0,2,1,0,2,1,0,1,2,1,0],"3":[1,0,0,2,0,0,1,1,2,0,0,0,0,2,2,2,1,2,2,0,0,2,2,0],"4":[1,1,0,2,0,2,2,0,0,2,1,2,2,1,2,2,1,2,1,1,2,1,0,2],"5":[1,0,1,0,1,2,0,0,0,0,2,0,1,2,2,1,2,2,2,2,0,2,2,1]},"Norwich City":{"6":[0,0,0,0,0,1,2,0,1,0,1,0,1,0,1,1,0,2,0,0,0,2,1,2],"7":[2,0,2,2,0,0,2,0,0,1,0,0,2,1,1,0,0,0,0,1,1,2,2,2],"8":[2,1,1,2,0,1,2,0,0,2,2,0,0,1,2,1,1,1,0,0,1,2,0,1],"9":[1,0,0,2,0,0,1,1,2,0,0,0,0,2,2,2,1,2,2,0,0,2,2,0],"10":[0,2,2,2,0,0,1,0,1,2,0,2,0,2,2,2,2,2,0,0,1,0,2,0],"11":[2,1,0,1,0,0,1,0,1,0,0,2,1,1,0,2,2,2,0,2,0,0,1,1],"12":[2,0,0,2,0,0,0,2,2,0,0,2,0,1,0,0,0,1,0,1,0,2,2,0]},"Oxford United":{"21":[0,1,0,2,1,0,1,1,2,0,2,1,0,0,2,0,1,2,2,0,0,2,2,0],"22":[1,0,0,2,0,0,1,1,2,0,0,0,0,2,2,2,1,2,2,0,0,2,2,0],"23":[2,2,2,0,0,2,1,1,2,2,0,1,2,0,2,1,0,2,1,0,1,2,1,0]},"Portsmouth":{"15":[2,0,1,0,1,2,1,0,0,0,1,0,0,0,2,