{"generated_at":"2026-03-23T22:29:26.742Z","sims":100000,"season":"2025/2026","last_result_date":"2026-03-22","tiers":[{"tier":1,"division":"Premier League","teams":["AFC Bournemouth","Arsenal","Aston Villa","Brentford","Brighton & Hove Albion","Burnley","Chelsea","Crystal Palace","Everton","Fulham","Leeds United","Liverpool","Manchester City","Manchester United","Newcastle United","Nottingham Forest","Sunderland","Tottenham Hotspur","West Ham United","Wolverhampton Wanderers"],"basePoints":[42,70,54,46,43,20,48,39,46,44,33,49,61,55,42,32,43,30,29,17],"fixtures":[[0,7,0.5090854750211647,0.27445520135609086,0.21645932362274437],[0,10,0.46422647996440336,0.28313882083475916,0.25263469920083753],[0,12,0.2329021190290182,0.2788121526574002,0.48828572831358164],[1,0,0.675588731653461,0.21979770671696272,0.1046135616295762],[1,5,0.8349573757885721,0.13371536529957076,0.03132725891185717],[1,9,0.702208700189149,0.20781682985413688,0.08997446995671411],[1,14,0.6878947782841925,0.21437247517834968,0.09773274653745777],[2,11,0.43793460597156164,0.28696902653098383,0.2750963674974546],[2,16,0.5306445737966983,0.26934767882586286,0.20000774737743898],[2,17,0.702208700189149,0.20781682985413688,0.08997446995671411],[3,7,0.5498651248649726,0.26429377556489786,0.18584109957012948],[3,8,0.44003881119395205,0.2866977220896489,0.27326346671639906],[3,9,0.4883124420333641,0.2788069206115428,0.23288063735509318],[3,18,0.5892131247337361,0.2524952263581333,0.15829164890813058],[4,6,0.38042706409523325,0.29190458412301495,0.32766835178175174],[4,13,0.3356470327995313,0.2922047839535766,0.37214818324689214],[4,19,0.5824497580259458,0.2546613158652677,0.16288892610878655],[5,2,0.14753719147247582,0.24708764012370046,0.6053751684038238],[5,4,0.18296525751997764,0.2631884890844642,0.5538462533955582],[5,12,0.08274980638299866,0.2012468057830872,0.7160033878339142],[5,19,0.3267043306011281,0.2918607209261684,0.3814349484727036],[6,12,0.2606291584840131,0.28463038576596067,0.45474045575002625],[6,13,0.36601339698942553,0.29235733308646905,0.34162926992410547],[6,15,0.5367462437151583,0.267794111696434,0.19545964458840773],[6,17,0.6838306719218926,0.21618563658629114,0.09998369149181635],[7,1,0.11390380442567365,0.22660147868797179,0.6594947168863546],[7,8,0.30426842899794343,0.2903630848604193,0.40536848614163734],[7,14,0.3316619477922409,0.2920687934431464,0.3762692587646127],[7,18,0.4537157112067899,0.2847841587712682,0.2615001300219419],[8,11,0.39391725802565153,0.2911878621010665,0.3148948798732821],[8,12,0.2439568540289928,0.2813520175923112,0.47469112837869604],[8,16,0.4872689059004659,0.27901060334563915,0.23372049075389495],[9,0,0.37732758328520605,0.2920295596916966,0.33064285702309737],[9,2,0.32177410631834935,0.29161046298394994,0.3866154306977007],[9,14,0.39287643783689685,0.29125305743074176,0.31587050473236145],[10,4,0.3578402243656628,0.29246652641758003,0.3496932492167572],[10,5,0.6119611693506697,0.24479053722464889,0.14324829342468154],[10,19,0.5306445737966983,0.26934767882586286,0.20000774737743898],[11,3,0.40121566690975546,0.29068484680143913,0.30809948628880546],[11,6,0.40958064719099285,0.29001064387779296,0.3004087089312141],[11,7,0.5397863335815449,0.26700238727893294,0.1932112791395222],[11,9,0.4778602142047815,0.28078191587551565,0.24135786991970287],[12,1,0.3257160597885461,0.2918140392495853,0.3824699009618686],[12,2,0.5468506054498357,0.26511738469209617,0.18803200985806814],[12,3,0.5618403204449377,0.2609087611809758,0.17725091837408652],[12,7,0.6830132880126941,0.2165477434907959,0.10043896849650999],[13,3,0.4495081655767105,0.28540041150899237,0.2650914229142971],[13,10,0.5428189861369991,0.26620091208049806,0.19098010178250285],[13,11,0.460023948880117,0.2838147428608006,0.2561613082590824],[13,15,0.5805072493068114,0.25527286766503243,0.16421988302815616],[14,0,0.396000305600724,0.2910524642687747,0.31294723013050135],[14,4,0.39391725802565153,0.29118786210106645,0.3148948798732819],[14,18,0.5347154862679622,0.26831643301323477,0.1969680807188031],[15,0,0.32177410631834946,0.29161046298394994,0.3866154306977006],[15,2,0.2696392356921809,0.2861401806859808,0.44422058362183825],[15,5,0.5756317824329612,0.2567869945472457,0.16758122301979317],[15,14,0.336645868175446,0.29223454205720406,0.37111958976734993],[16,6,0.31882956616739194,0.2914401272385722,0.3897303065940359],[16,13,0.2769588810306513,0.28723744535120366,0.4358036736181451],[16,15,0.44214314361654417,0.2864202070504876,0.27143664933296824],[16,17,0.6035131977833987,0.2477272498927245,0.1487595523238767],[17,4,0.18296525751997764,0.2631884890844642,0.5538462533955582],[17,8,0.17516474658854572,0.2600481178015723,0.564787135609882],[17,10,0.22296211103611502,0.2762640201500589,0.5007738688138261],[18,1,0.09509827453217305,0.212200863472726,0.692700861995101],[18,8,0.2669197027339579,0.28570322462574804,0.44737707264029397],[18,10,0.32670433060112813,0.2918607209261684,0.38143494847270354],[18,19,0.4442475239471322,0.2861365098390952,0.2696159662137726],[19,9,0.2806547832122305,0.2877485924677322,0.43159662432003726],[19,16,0.3052304712960173,0.29044649964315233,0.40432302906083034],[19,17,0.49872385076534775,0.2766963293650281,0.2245798198696241]],"posProbs":{"AFC Bournemouth":[0,0,0,0.00001,0.00014,0.00336,0.01166,0.0286,0.05479,0.086,0.12089,0.15306,0.18208,0.20326,0.11723,0.03413,0.00474,0.00005,0,0,0],"Arsenal":[0,0.97515,0.02481,0.00004,0,0,0,0,0,0,0,0,0,0,0,0,0,0,0,0,0],"Aston Villa":[0,0,0.02118,0.39222,0.4491,0.09984,0.02703,0.00752,0.00231,0.00058,0.0002,0.00002,0,0,0,0,0,0,0,0,0],"Brentford":[0,0,0,0.00312,0.01965,0.1116,0.16401,0.18088,0.16494,0.13305,0.09694,0.06524,0.0391,0.01701,0.0042,0.00025,0.00001,0,0,0,0],"Brighton & Hove Albion":[0,0,0,0.00038,0.00467,0.03568,0.07775,0.11326,0.14559,0.15977,0.15049,0.12715,0.09949,0.06186,0.0203,0.00351,0.0001,0,0,0,0],"Burnley":[0,0,0,0,0,0,0,0,0,0,0,0,0,0,0,0,0.00004,0.0006,0.0061,0.46106,0.5322],"Chelsea":[0,0,0.0001,0.0152,0.06172,0.24473,0.23475,0.17046,0.11547,0.07563,0.04371,0.02491,0.01023,0.00283,0.00026,0,0,0,0,0,0],"Crystal Palace":[0,0,0,0,0,0.00034,0.00111,0.00347,0.00696,0.01303,0.02606,0.04723,0.08531,0.16293,0.40311,0.20202,0.04426,0.00402,0.00015,0,0],"Everton":[0,0,0,0.00273,0.01984,0.11807,0.16705,0.18035,0.16106,0.12931,0.09639,0.06489,0.03785,0.018,0.00429,0.00017,0,0,0,0,0],"Fulham":[0,0,0,0.00009,0.00138,0.01152,0.03007,0.05537,0.08487,0.11608,0.14543,0.16395,0.1682,0.15219,0.06056,0.00985,0.00044,0,0,0,0],"Leeds United":[0,0,0,0,0,0,0,0.00001,0.00025,0.00072,0.00245,0.00694,0.01968,0.05385,0.18241,0.46363,0.20612,0.05128,0.01263,0.00003,0],"Liverpool":[0,0,0.0001,0.02666,0.08785,0.2802,0.21479,0.15458,0.10411,0.0657,0.03679,0.0191,0.00762,0.00221,0.00029,0,0,0,0,0,0],"Manchester City":[0,0.02484,0.92925,0.03958,0.00615,0.00018,0,0,0,0,0,0,0,0,0,0,0,0,0,0,0],"Manchester United":[0,0.00001,0.02456,0.51978,0.34757,0.07687,0.0214,0.00724,0.00203,0.00042,0.00011,0.00001,0,0,0,0,0,0,0,0,0],"Newcastle United":[0,0,0,0.00003,0.00028,0.00456,0.01731,0.03881,0.0696,0.09874,0.12806,0.15584,0.17528,0.18468,0.1001,0.02429,0.00238,0.00004,0,0,0],"Nottingham Forest":[0,0,0,0,0,0,0,0,0,0.0001,0.00019,0.00115,0.00287,0.01046,0.05027,0.19893,0.51599,0.17166,0.04817,0.00021,0],"Sunderland":[0,0,0,0.00016,0.00165,0.01305,0.03307,0.05945,0.08802,0.12087,0.15229,0.1705,0.17221,0.13016,0.04892,0.00883,0.00081,0.00001,0,0,0],"Tottenham Hotspur":[0,0,0,0,0,0,0,0,0,0,0,0,0.00002,0.00011,0.0016,0.01867,0.08565,0.33221,0.54748,0.01416,0.0001],"West Ham United":[0,0,0,0,0,0,0,0,0,0,0,0.00001,0.00006,0.00045,0.00646,0.03572,0.13933,0.4366,0.36912,0.01206,0.00019],"Wolverhampton Wanderers":[0,0,0,0,0,0,0,0,0,0,0,0,0,0,0,0,0.00013,0.00353,0.01635,0.51248,0.46751]},"examples":{"AFC Bournemouth":{"3":[0,0,0,2,0,1,1,0,2,2,2,0,0,0,0,1,0,2,2,1,2,2,1,1,0,2,1,2,0,1,0,1,2,0,1,1,1,0,2,2,0,1,2,0,0,0,2,1,1,1,2,2,0,2,1,1,0,1,1,2,0,0,2,0,0,0,2,0,0,2,1],"4":[0,0,0,0,0,1,0,0,1,0,0,2,0,2,0,0,0,1,2,2,1,1,1,0,0,2,1,0,1,1,1,0,2,2,2,0,0,1,1,2,1,0,2,0,0,0,1,2,2,1,2,1,0,2,1,2,0,0,0,2,2,0,1,2,1,2,1,0,0,0,2],"5":[0,0,0,2,0,2,0,1,0,0,1,1,2,2,2,2,0,2,1,0,0,0,0,2,0,1,2,1,2,0,2,1,2,2,0,1,0,0,2,0,0,0,2,0,0,1,1,1,0,0,0,0,0,2,2,1,2,0,0,1,0,2,2,1,2,2,2,0,2,2,2],"6":[0,1,1,2,0,0,0,0,1,0,1,0,2,1,0,1,1,1,1,2,2,2,0,2,1,1,0,1,0,0,0,1,2,0,1,1,0,2,2,1,0,1,0,0,2,0,2,0,2,0,2,2,1,2,2,0,0,2,1,1,2,2,2,2,1,1,0,1,1,0,1],"7":[0,1,0,0,2,1,0,0,2,2,0,0,0,0,2,0,1,2,2,2,2,2,0,0,1,2,2,2,1,0,2,1,2,1,2,0,2,2,1,1,1,0,2,2,0,1,2,0,1,0,2,1,1,2,0,2,0,1,0,2,0,0,2,2,2,0,1,1,2,2,2],"8":[2,1,0,0,0,0,0,1,1,0,0,1,2,0,1,0,2,2,2,2,0,1,0,0,0,1,2,2,0,1,0,1,2,1,1,0,1,1,0,0,1,0,2,0,0,0,0,1,0,0,2,1,0,1,1,0,1,2,0,1,2,1,2,2,2,2,2,1,2,0,1],"9":[0,0,1,0,0,0,0,0,0,0,2,0,0,0,1,0,0,2,2,2,0,2,2,2,0,2,1,2,0,0,1,1,1,1,2,2,1,0,2,0,0,1,0,0,0,0,1,2,2,0,1,2,0,2,2,0,0,1,0,0,1,2,0,2,2,2,1,1,1,0,1],"10":[0,0,2,0,1,2,1,1,2,2,0,1,2,0,0,1,1,2,2,2,2,2,2,0,0,0,0,1,1,1,0,1,0,2,0,1,0,1,1,0,1,2,0,0,0,0,0,1,0,0,2,1,0,2,2,0,0,0,0,1,0,1,1,2,2,2,1,0,2,0,2],"11":[0,0,2,0,0,2,0,1,0,0,1,0,2,0,0,1,1,2,2,2,1,0,0,1,0,2,2,2,0,0,2,0,2,1,1,2,2,1,2,1,0,2,1,1,0,0,0,0,0,0,0,2,0,2,0,2,0,1,0,2,0,2,2,1,1,2,1,1,2,1,1],"12":[1,0,2,1,0,2,1,0,2,0,0,1,0,0,1,1,0,2,1,2,2,2,0,0,0,2,2,0,1,1,2,2,2,1,0,2,2,0,0,2,2,0,2,2,0,0,0,0,0,0,1,2,1,1,2,0,0,2,2,0,0,2,2,2,2,0,1,0,1,0,2],"13":[1,1,2,0,0,2,0,2,0,0,0,1,0,2,0,0,0,2,1,1,1,2,0,0,0,2,0,0,1,2,0,1,0,2,2,1,1,1,0,0,0,0,0,0,0,0,0,2,0,0,2,0,0,0,0,1,2,0,1,1,0,2,0,0,2,1,0,0,1,2,1],"14":[2,0,1,0,0,0,1,0,0,0,2,0,2,1,1,0,2,2,2,2,2,2,2,0,2,2,1,1,1,2,0,0,0,1,2,0,0,2,2,2,1,1,2,0,1,0,2,1,0,0,0,2,0,0,2,0,2,0,1,0,0,1,2,2,2,2,0,0,1,0,1],"15":[2,1,2,0,0,2,0,1,0,1,1,2,2,0,0,1,0,2,2,0,0,0,2,0,1,2,0,0,1,0,2,0,0,0,1,1,0,0,2,0,1,2,1,2,1,0,2,1,2,0,0,0,0,1,1,1,0,0,0,1,0,2,1,2,2,0,1,2,0,2,1],"16":[2,1,1,0,0,0,0,0,0,2,2,0,1,0,0,1,1,2,2,0,2,1,0,0,0,2,0,2,0,1,1,0,1,2,1,0,0,0,0,0,1,0,0,0,1,0,1,2,2,2,0,2,0,0,2,0,0,2,1,2,0,1,2,2,2,2,0,0,1,2,1],"17":[2,2,2,0,0,1,0,2,2,2,0,1,0,0,0,0,1,1,1,2,2,1,0,2,1,2,1,0,0,1,0,1,0,2,2,1,0,0,2,0,2,1,0,0,0,0,1,1,0,2,0,0,0,0,0,0,2,1,2,2,1,0,1,0,1,1,1,0,2,1,0]},"Arsenal":{"1":[1,0,2,1,0,2,1,0,2,0,0,1,0,0,1,1,0,2,1,2,2,2,0,0,0,2,2,0,1,1,2,2,2,1,0,2,2,0,0,2,2,0,2,2,0,0,0,0,0,0,1,2,1,1,2,0,0,2,2,0,0,2,2,2,2,0,1,0,1,0,2],"2":[0,0,2,0,1,2,1,1,2,2,0,1,2,0,0,1,1,2,2,2,2,2,2,0,0,0,0,1,1,1,0,1,0,2,0,1,0,1,1,0,1,2,0,0,0,0,0,1,0,0,2,1,0,2,2,0,0,0,0,1,0,1,1,2,2,2,1,0,2,0,2],"3":[0,0,2,2,1,1,2,0,0,0,2,2,0,2,0,2,0,2,2,2,1,1,2,1,1,0,0,0,1,2,0,0,0,0,0,1,0,1,0,2,0,0,0,0,2,0,0,0,0,0,0,2,0,0,1,0,0,1,2,1,0,2,1,1,2,0,2,0,0,0,1]},"Aston Villa":{"2":[2,2,1,1,0,2,1,0,0,0,2,0,0,0,2,1,0,2,2,2,2,1,1,2,1,2,1,1,1,2,0,0,2,1,1,0,0,0,2,2,0,0,1,2,1,0,0,0,0,1,1,0,0,2,1,0,2,0,2,0,1,2,0,1,2,2,2,0,2,2,0],"3":[0,0,1,0,0,0,0,0,0,0,2,0,0,0,1,0,0,2,2,2,0,2,2,2,0,2,1,2,0,0,1,1,1,1,2,2,1,0,2,0,0,1,0,0,0,0,1,2,2,0,1,2,0,2,2,0,0,1,0,0,1,2,0,2,2,2,1,1,1,0,1],"4":[1,0,2,1,0,2,1,0,2,0,0,1,0,0,1,1,0,2,1,2,2,2,0,0,0,2,2,0,1,1,2,2,2,1,0,2,2,0,0,2,2,0,2,2,0,0,0,0,0,0,1,2,1,1,2,0,0,2,2,0,0,2,2,2,2,0,1,0,1,0,2],"5":[1,0,0,0,0,0,0,2,2,1,1,2,1,1,1,0,2,2,2,0,1,1,2,0,0,1,1,0,0,1,2,0,2,0,0,0,0,0,2,2,1,0,0,1,0,0,2,0,1,1,1,2,2,0,1,2,0,2,2,1,0,1,0,2,1,1,1,0,1,1,1],"6":[0,2,2,1,0,0,0,2,2,2,2,0,0,1,0,0,0,1,1,2,1,0,2,1,0,0,1,0,2,2,2,2,1,0,0,2,0,0,0,0,1,2,1,1,0,0,0,0,0,0,1,0,0,1,0,0,2,1,2,2,0,2,1,1,1,1,2,0,1,1,0],"7":[0,2,0,0,0,0,0,2,1,1,0,0,2,1,0,2,2,2,2,2,2,1,0,1,0,0,2,0,1,0,0,0,1,0,0,2,0,0,0,2,0,0,2,1,1,0,0,1,0,1,1,1,1,0,0,2,2,1,0,1,0,0,2,2,2,1,2,1,2,1,0],"8":[2,0,2,1,0,0,2,2,2,0,0,2,1,1,0,2,1,0,1,2,0,2,0,0,0,1,1,2,0,0,2,0,0,0,1,2,0,1,1,1,0,1,0,0,0,1,0,0,1,2,1,2,0,0,0,0,0,1,1,2,0,2,2,2,2,1,2,2,2,2,0],"9":[0,0,2,1,1,0,0,2,1,2,0,0,0,0,0,0,0,0,1,1,0,2,2,1,1,2,0,0,0,0,0,2,2,0,2,1,0,0,1,1,0,0,2,0,2,0,0,0,2,0,0,1,0,0,0,2,0,0,0,1,0,0,2,2,2,2,0,1,1,1,0],"10":[0,0,2,0,0,0,2,2,2,1,2,0,0,0,1,0,0,1,0,2,2,0,0,2,0,1,2,2,2,1,1,0,1,0,2,2,0,1,2,0,1,1,2,0,1,0,0,0,1,0,0,0,1,2,0,0,0,0,2,1,0,2,2,2,2,0,2,1,1,0,2],"11":[0,0,1,2,0,1,1,1,2,2,0,1,0,0,1,2,2,0,1,2,1,0,2,0,0,2,2,2,1,1,0,2,1,0,0,1,0,0,1,0,0,2,1,0,1,0,0,0,0,0,2,0,0,1,1,0,2,2,2,0,0,1,2,2,2,2,2,2,2,2,2]},"Brentford":{"2":[0,0,1,0,0,0,0,0,1,0,0,0,0,0,0,0,2,2,2,1,0,0,0,2,0,2,0,0,1,2,1,0,1,1,0,2,2,1,2,1,2,1,2,0,2,2,2,1,2,1,1,1,0,2,0,1,0,0,0,2,0,1,1,1,2,1,2,2,2,2,1],"3":[2,0,0,2,0,1,0,2,1,1,0,0,0,0,1,0,0,2,2,2,2,1,1,0,1,2,0,1,0,0,2,2,0,1,2,1,0,1,2,2,0,2,2,1,2,0,1,1,1,1,0,0,0,0,1,0,0,1,1,0,0,0,2,1,1,1,0,1,2,2,0],"4":[2,0,2,1,0,2,0,2,2,0,0,0,1,0,1,2,0,1,1,2,1,2,0,0,0,2,1,2,0,2,0,0,0,1,0,0,2,1,2,1,2,2,2,2,0,2,2,1,2,1,2,0,0,2,2,0,2,2,0,2,2,2,2,2,2,2,2,2,2,0,0],"5":[2,0,2,0,0,0,2,0,0,1,2,0,0,0,1,2,1,2,2,2,2,2,2,0,0,2,0,1,1,0,2,0,2,0,2,0,2,1,2,0,1,0,1,2,2,0,1,1,2,1,0,0,1,2,2,0,0,0,0,0,0,2,2,2,2,0,0,2,2,1,1],"6":[0,0,1,0,0,0,0,0,0,0,2,0,0,0,1,0,0,2,2,2,0,2,2,2,0,2,1,2,0,0,1,1,1,1,2,2,1,0,2,0,0,1,0,0,0,0,1,2,2,0,1,2,0,2,2,0,0,1,0,0,1,2,0,2,2,2,1,1,1,0,1],"7":[1,0,2,1,0,2,1,0,2,0,0,1,0,0,1,1,0,2,1,2,2,2,0,0,0,2,2,0,1,1,2,2,2,1,0,2,2,0,0,2,2,0,2,2,0,0,0,0,0,0,1,2,1,1,2,0,0,2,2,0,0,2,2,2,2,0,1,0,1,0,2],"8":[2,0,1,0,0,0,1,0,1,0,0,1,0,2,2,2,0,2,0,2,0,2,2,0,1,2,1,2,2,1,2,0,1,0,2,2,0,1,0,0,1,0,2,0,0,0,2,1,2,1,1,0,0,2,0,2,1,0,2,1,0,2,2,1,2,2,0,1,2,2,2],"9":[2,1,0,0,0,0,0,1,1,0,0,1,2,0,1,0,2,2,2,2,0,1,0,0,0,1,2,2,0,1,0,1,2,1,1,0,1,1,0,0,1,0,2,0,0,0,0,1,0,0,2,1,0,1,1,0,1,2,0,1,2,1,2,2,2,2,2,1,2,0,1],"10":[1,1,2,0,0,2,0,2,0,0,0,1,0,2,0,0,0,2,1,1,1,2,0,0,0,2,0,0,1,2,0,1,0,2,2,1,1,1,0,0,0,0,0,0,0,0,0,2,0,0,2,0,0,0,0,1,2,0,1,1,0,2,0,0,2,1,0,0,1,2,1],"11":[0,0,2,0,1,2,1,1,2,2,0,1,2,0,0,1,1,2,2,2,2,2,2,0,0,0,0,1,1,1,0,1,0,2,0,1,0,1,1,0,1,2,0,0,0,0,0,1,0,0,2,1,0,2,2,0,0,0,0,1,0,1,1,2,2,2,1,0,2,0,2],"12":[0,1,2,0,0,2,0,2,0,0,1,2,2,1,2,1,0,2,0,2,1,1,2,1,0,2,2,0,1,2,1,0,0,1,1,0,0,0,0,2,1,0,0,1,0,0,0,1,0,0,2,1,1,1,2,0,1,1,1,0,0,0,2,2,2,2,1,0,2,1,2],"13":[0,0,1,0,1,1,0,0,0,0,1,2,1,2,2,1,2,2,2,0,0,2,2,0,1,2,0,1,0,0,2,0,0,0,2,2,2,0,0,0,0,0,1,0,0,0,0,0,0,2,2,0,0,1,0,1,2,2,1,2,1,1,2,2,2,2,1,0,0,2,1],"14":[2,0,2,1,0,0,0,1,0,1,1,0,2,2,0,2,2,2,0,2,0,2,0,0,1,2,0,2,0,0,0,2,0,0,0,2,0,1,1,1,1,0,0,0,0,2,0,0,1,2,2,0,0,2,1,0,0,0,2,0,0,2,2,2,1,2,1,2,2,2,0],"15":[2,1,0,0,0,0,0,0,1,0,2,2,2,0,1,2,0,2,2,1,2,1,2,0,1,1,0,2,2,0,1,0,2,1,2,0,0,0,0,1,2,1,2,0,0,0,0,0,0,1,0,0,2,1,2,2,0,2,2,1,0,1,1,2,2,2,2,0,1,2,1],"16":[0,0,0,2,0,2,2,2,0,2,2,2,2,2,2,1,0,2,2,2,1,2,2,2,0,2,0,0,0,0,1,2,0,0,2,1,0,0,0,0,1,2,1,1,0,1,0,1,0,2,0,1,1,1,0,1,0,0,0,2,0,2,2,2,2,0,2,1,2,2,2]},"Brighton & Hove Albion":{"3":[0,1,2,2,0,0,2,2,2,0,1,1,1,2,0,0,0,1,2,2,2,0,0,0,0,0,2,2,1,0,1,0,1,1,0,2,2,1,1,0,1,1,1,0,0,1,1,1,2,2,1,2,2,0,1,0,1,2,2,1,1,2,2,0,1,2,2,2,1,1,1],"4":[0,0,1,0,0,0,0,0,0,0,2,0,0,0,1,0,0,2,2,2,0,2,2,2,0,2,1,2,0,0,1,1,1,1,2,2,1,0,2,0,0,1,0,0,0,0,1,2,2,0,1,2,0,2,2,0,0,1,0,0,1,2,0,2,2,2,1,1,1,0,1],"5":[0,2,2,1,0,0,0,2,2,2,2,0,0,1,0,0,0,1,1,2,1,0,2,1,0,0,1,0,2,2,2,2,1,0,0,2,0,0,0,0,1,2,1,1,0,0,0,0,0,0,1,0,0,1,0,0,2,1,2,2,0,2,1,1,1,1,2,0,1,1,0],"6":[1,0,2,1,0,2,1,0,2,0,0,1,0,0,1,1,0,2,1,2,2,2,0,0,0,2,2,0,1,1,2,2,2,1,0,2,2,0,0,2,2,0,2,2,0,0,0,0,0,0,1,2,1,1,2,0,0,2,2,0,0,2,2,2,2,0,1,0,1,0,2],"7":[1,1,2,0,0,2,0,2,0,0,0,1,0,2,0,0,0,2,1,1,1,2,0,0,0,2,0,0,1,2,0,1,0,2,2,1,1,1,0,0,0,0,0,0,0,0,0,2,0,0,2,0,0,0,0,1,2,0,1,1,0,2,0,0,2,1,0,0,1,2,1],"8":[2,0,2,0,0,0,0,1,0,0,2,0,0,2,2,2,0,1,2,2,2,0,0,1,0,2,2,1,0,2,0,0,2,1,0,1,1,0,0,0,2,0,2,0,1,0,0,1,0,0,0,2,1,0,0,0,0,2,2,2,0,0,2,2,1,1,0,2,1,2,0],"9":[1,0,0,0,0,0,0,2,2,1,1,2,1,1,1,0,2,2,2,0,1,1,2,0,0,1,1,0,0,1,2,0,2,0,0,0,0,0,2,2,1,0,0,1,0,0,2,0,1,1,1,2,2,0,1,2,0,2,2,1,0,1,0,2,1,1,1,0,1,1,1],"10":[0,0,2,1,0,0,1,0,2,1,0,2,2,0,2,2,1,0,2,2,1,1,1,1,0,1,2,0,1,2,2,1,0,0,1,0,0,0,0,1,0,1,2,0,0,0,0,0,0,2,0,2,0,1,2,0,0,1,0,0,0,2,1,2,2,2,0,2,2,1,0],"11":[2,0,1,0,0,0,1,0,1,0,0,1,0,2,2,2,0,2,0,2,0,2,2,0,1,2,1,2,2,1,2,0,1,0,2,2,0,1,0,0,1,0,2,0,0,0,2,1,2,1,1,0,0,2,0,2,1,0,2,1,0,2,2,1,2,2,0,1,2,2,2],"12":[0,0,2,0,1,2,1,1,2,2,0,1,2,0,0,1,1,2,2,2,2,2,2,0,0,0,0,1,1,1,0,1,0,2,0,1,0,1,1,0,1,2,0,0,0,0,0,1,0,0,2,1,0,2,2,0,0,0,0,1,0,1,1,2,2,2,1,0,2,0,2],"13":[2,0,2,1,0,2,0,2,2,0,0,0,1,0,1,2,0,1,1,2,1,2,0,0,0,2,1,2,0,2,0,0,0,1,0,0,2,1,2,1,2,2,2,2,0,2,2,1,2,1,2,0,0,2,2,0,2,2,0,2,2,2,2,2,2,2,2,2,2,0,0],"14":[1,0,0,0,0,0,1,1,0,1,0,1,0,0,2,2,2,1,1,2,1,1,0,0,0,2,0,1,0,1,2,1,2,2,1,0,1,1,0,0,1,1,1,0,1,0,0,1,1,0,2,0,0,0,2,1,2,2,0,0,0,1,2,2,2,0,0,0,1,0,0],"15":[2,2,0,0,1,0,1,2,0,0,2,2,1,1,0,2,0,2,0,2,0,1,2,2,0,2,0,2,1,1,0,0,2,2,0,0,0,0,1,2,2,2,1,0,0,0,2,0,1,0,2,1,0,0,2,0,1,0,1,0,1,0,2,2,2,1,2,0,2,1,0],"16":[0,2,0,0,0,0,0,0,0,0,0,2,0,1,2,2,2,2,1,2,0,1,1,2,0,0,0,1,0,1,2,0,0,1,1,0,2,0,0,0,1,2,0,0,1,0,1,0,0,1,2,0,2,1,2,0,0,0,0,2,0,1,2,2,2,0,0,2,0,2,0]},"Burnley":{"15":[2,1,2,2,0,0,0,1,2,0,0,0,1,0,2,0,0,0,0,0,0,1,2,2,2,1,1,0,0,0,2,0,2,1,0,0,2,2,2,2,2,2,2,0,1,0,1,0,1,0,1,0,0,1,2,2,2,2,1,0,0,1,2,0,2,1,1,1,1,2,1],"16":[1,2,2,0,0,0,2,0,0,0,0,2,0,1,1,2,0,1,0,0,2,1,2,0,0,1,2,0,0,1,2,0,0,2,0,1,2,1,1,1,1,0,0,2,0,0,0,0,2,0,0,0,0,2,2,2,2,1,2,0,1,2,1,2,2,2,2,2,2,1,1],"17":[0,0,2,0,0,0,0,2,0,0,2,2,0,1,1,0,0,0,1,1,0,2,1,1,0,2,2,1,0,1,2,0,1,2,2,0,2,0,1,2,0,2,1,0,0,2,2,0,0,0,2,0,1,2,2,1,0,1,2,0,0,2,2,1,2,2,2,2,2,2,0],"18":[1,0,2,0,0,0,0,0,1,0,1,0,1,1,2,1,0,2,0,0,1,1,1,0,0,2,2,2,0,1,2,1,0,1,0,1,1,2,1,2,1,0,2,1,0,0,1,0,0,1,1,1,2,0,2,2,1,2,2,0,0,2,2,2,2,0,1,0,1,2,1],"19":[1,0,2,1,0,2,1,0,2,0,0,1,0,0,1,1,0,2,1,2,2,2,0,0,0,2,2,0,1,1,2,2,2,1,0,2,2,0,0,2,2,0,2,2,0,0,0,0,0,0,1,2,1,1,2,0,0,2,2,0,0,2,2,2,2,0,1,0,1,0,2],"20":[2,1,0,0,0,0,0,1,1,0,0,1,2,0,1,0,2,2,2,2,0,1,0,0,0,1,2,2,0,1,0,1,2,1,1,0,1,1,0,0,1,0,2,0,0,0,0,1,0,0,2,1,0,1,1,0,1,2,0,1,2,1,2,2,2,2,2,1,2,0,1]},"Chelsea":{"2":[0,0,2,0,0,0,0,1,1,0,2,0,1,0,2,0,1,2,1,0,0,0,0,0,0,2,0,1,0,1,0,1,0,0,1,2,0,0,2,2,1,0,2,1,2,2,2,2,1,0,0,0,1,0,1,2,2,2,2,0,0,2,2,2,1,2,0,1,0,0,0],"3":[0,1,0,1,2,0,0,0,2,1,0,2,1,1,2,0,0,1,2,2,0,2,0,0,0,1,0,2,0,0,2,2,0,1,0,0,0,0,1,2,2,0,0,0,0,0,0,1,0,1,1,0,0,2,1,0,2,2,1,1,0,1,2,1,1,2,1,0,2,1,1],"4":[1,0,0,0,0,0,0,2,2,1,1,2,1,1,1,0,2,2,2,0,1,1,2,0,0,1,1,0,0,1,2,0,2,0,0,0,0,0,2,2,1,0,0,1,0,0,2,0,1,1,1,2,2,0,1,2,0,2,2,1,0,1,0,2,1,1,1,0,1,1,1],"5":[1,0,2,1,0,2,1,0,2,0,0,1,0,0,1,1,0,2,1,2,2,2,0,0,0,2,2,0,1,1,2,2,2,1,0,2,2,0,0,2,2,0,2,2,0,0,0,0,0,0,1,2,1,1,2,0,0,2,2,0,0,2,2,2,2,0,1,0,1,0,2],"6":[0,2,0,0,0,0,0,2,1,1,0,0,2,1,0,2,2,2,2,2,2,1,0,1,0,0,2,0,1,0,0,0,1,0,0,2,0,0,0,2,0,0,2,1,1,0,0,1,0,1,1,1,1,0,0,2,2,1,0,1,0,0,2,2,2,1,2,1,2,1,0],"7":[0,2,2,1,0,0,0,2,2,2,2,0,0,1,0,0,0,1,1,2,1,0,2,1,0,0,1,0,2,2,2,2,1,0,0,2,0,0,0,0,1,2,1,1,0,0,0,0,0,0,1,0,0,1,0,0,2,1,2,2,0,2,1,1,1,1,2,0,1,1,0],"8":[0,0,0,0,0,0,2,2,2,0,0,0,2,2,0,1,0,2,1,2,2,2,0,2,0,0,1,2,1,0,2,0,2,2,2,2,0,1,2,1,1,0,1,0,0,0,2,2,1,0,2,2,0,0,2,0,0,2,2,0,1,0,2,2,1,2,2,2,1,0,2],"9":[2,0,1,0,0,0,1,0,1,0,0,1,0,2,2,2,0,2,0,2,0,2,2,0,1,2,1,2,2,1,2,0,1,0,2,2,0,1,0,0,1,0,2,0,0,0,2,1,2,1,1,0,0,2,0,2,1,0,2,1,0,2,2,1,2,2,0,1,2,2,2],"10":[0,0,1,0,0,0,0,0,0,0,2,0,0,0,1,0,0,2,2,2,0,2,2,2,0,2,1,2,0,0,1,1,1,1,2,2,1,0,2,0,0,1,0,0,0,0,1,2,2,0,1,2,0,2,2,0,0,1,0,0,1,2,0,2,2,2,1,1,1,0,1],"11":[2,1,2,0,0,2,0,1,0,1,1,2,2,0,0,1,0,2,2,0,0,0,2,0,1,2,0,0,1,0,2,0,0,0,1,1,0,0,2,0,1,2,1,2,1,0,2,1,2,0,0,0,0,1,1,1,0,0,0,1,0,2,1,2,2,0,1,2,0,2,1],"12":[0,0,2,2,0,1,0,0,2,1,0,1,0,1,0,1,0,2,0,1,0,2,2,0,1,2,2,1,1,0,0,2,0,0,0,0,0,2,1,0,2,2,2,0,0,0,0,0,2,0,1,1,0,1,2,1,1,1,2,0,1,2,2,2,2,1,0,0,2,0,2],"13":[0,0,0,0,0,0,0,2,0,0,0,0,2,0,0,2,1,2,2,0,2,2,2,2,2,2,2,2,0,0,2,2,0,2,2,2,0,2,0,0,1,0,1,2,1,1,0,0,2,0,0,0,0,1,0,0,2,0,1,1,0,2,1,1,2,2,1,1,2,2,2],"14":[1,0,1,0,0,2,0,0,2,0,0,0,1,0,0,2,0,2,2,2,1,2,2,2,0,0,0,2,0,1,2,0,1,0,2,0,0,2,1,0,2,0,2,1,1,0,1,0,1,2,2,2,0,1,1,2,1,0,2,1,0,2,2,2,2,1,1,1,0,2,1],"15":[2,1,0,0,1,0,2,0,1,0,1,1,1,0,0,1,0,2,2,2,1,2,2,2,2,2,2,0,0,2,2,1,1,1,1,0,0,0,0,0,0,2,1,0,0,1,1,1,0,2,2,0,0,2,2,0,2,0,2,0,2,2,2,2,2,2,1,0,2,1,0]},"Crystal Palace":{"4":[1,0,2,0,0,0,0,0,2,0,2,2,1,1,0,0,2,1,1,2,0,2,0,1,0,0,0,0,0,1,1,1,1,1,2,0,0,1,0,0,2,2,0,0,2,2,2,1,1,2,2,1,0,2,2,0,2,0,1,0,2,1,2,2,2,2,1,1,2,2,2],"5":[2,1,2,0,0,0,1,0,2,0,2,2,0,0,0,0,0,1,2,1,2,1,1,0,0,2,0,0,1,0,2,2,1,2,2,0,1,1,0,0,2,1,2,2,0,2,0,1,1,1,0,0,1,2,2,0,0,1,2,2,1,2,1,2,2,2,0,1,2,0,0],"6":[1,0,0,0,0,1,0,0,0,0,1,0,2,2,1,1,0,1,2,2,1,2,2,0,0,0,0,0,0,0,1,2,1,0,0,0,1,1,1,0,2,2,1,0,2,0,1,1,2,0,1,2,2,2,1,0,1,0,1,2,0,1,2,2,2,0,2,2,0,2,0],"7":[2,2,0,0,0,1,0,2,1,1,2,1,2,0,1,2,0,2,0,2,0,2,2,0,1,0,1,0,1,1,2,2,1,2,2,1,0,1,1,0,0,0,1,0,0,0,1,0,0,0,1,0,0,1,2,0,1,2,2,0,0,2,1,0,1,0,1,1,2,0,0],"8":[0,1,2,0,0,1,2,0,0,1,1,2,0,0,2,1,1,2,0,2,0,2,1,2,0,0,0,2,0,2,2,1,1,0,0,1,0,0,2,1,2,0,2,0,1,1,0,0,1,0,2,2,1,0,2,1,0,2,1,0,1,1,2,1,1,0,1,0,1,0,0],"9":[2,2,0,0,1,0,1,2,0,0,2,2,1,1,0,2,0,2,0,2,0,1,2,2,0,2,0,2,1,1,0,0,2,2,0,0,0,0,1,2,2,2,1,0,0,0,2,0,1,0,2,1,0,0,2,0,1,0,1,0,1,0,2,2,2,1,2,0,2,1,0],"10":[2,0,2,0,0,0,0,1,0,0,2,0,0,2,2,2,0,1,2,2,2,0,0,1,0,2,2,1,0,2,0,0,2,1,0,1,1,0,0,0,2,0,2,0,1,0,0,1,0,0,0,2,1,0,0,0,0,2,2,2,0,0,2,2,1,1,0,2,1,2,0],"11":[2,0,2,1,0,2,0,2,2,0,0,0,1,0,1,2,0,1,1,2,1,2,0,0,0,2,1,2,0,2,0,0,0,1,0,0,2,1,2,1,2,2,2,2,0,2,2,1,2,1,2,0,0,2,2,0,2,2,0,2,2,2,2,2,2,2,2,2,2,0,0],"12":[0,2,2,1,0,0,0,2,2,2,2,0,0,1,0,0,0,1,1,2,1,0,2,1,0,0,1,0,2,2,2,2,1,0,0,2,0,0,0,0,1,2,1,1,0,0,0,0,0,0,1,0,0,1,0,0,2,1,2,2,0,2,1,1,1,1,2,0,1,1,0],"13":[1,0,2,1,0,2,1,0,2,0,0,1,0,0,1,1,0,2,1,2,2,2,0,0,0,2,2,0,1,1,2,2,2,1,0,2,2,0,0,2,2,0,2,2,0,0,0,0,0,0,1,2,1,1,2,0,0,2,2,0,0,2,2,2,2,0,1,0,1,0,2],"14":[2,0,1,0,0,0,1,0,1,0,0,1,0,2,2,2,0,2,0,2,0,2,2,0,1,2,1,2,2,1,2,0,1,0,2,2,0,1,0,0,1,0,2,0,0,0,2,1,2,1,1,0,0,2,0,2,1,0,2,1,0,2,2,1,2,2,0,1,2,2,2],"15":[0,2,0,0,0,0,0,2,1,1,0,0,2,1,0,2,2,2,2,2,2,1,0,1,0,0,2,0,1,0,0,0,1,0,0,2,0,0,0,2,0,0,2,1,1,0,0,1,0,1,1,1,1,0,0,2,2,1,0,1,0,0,2,2,2,1,2,1,2,1,0],"16":[0,2,2,0,0,0,2,0,0,0,1,0,1,0,1,0,0,1,2,2,1,2,1,0,0,2,1,0,2,2,1,1,0,1,0,0,0,0,0,0,0,0,2,0,1,0,1,1,1,2,0,1,1,1,1,0,0,2,2,2,0,2,2,1,2,2,2,0,1,0,0],"17":[0,2,0,0,0,0,0,2,1,0,0,1,2,2,1,2,0,1,0,2,0,2,0,1,0,2,2,2,2,0,1,2,2,0,1,2,0,2,2,2,0,2,2,0,0,0,1,0,2,0,1,1,0,1,0,0,0,1,2,0,1,2,1,2,1,2,0,2,2,1,2],"18":[0,2,2,0,0,1,0,2,0,0,0,0,0,2,1,0,0,1,1,0,0,2,1,1,0,2,2,1,2,0,0,0,0,0,0,0,1,1,1,2,0,2,2,1,0,0,2,1,0,2,1,1,1,1,2,0,2,2,0,0,2,0,0,1,1,2,0,0,1,2,1]},"Everton":{"3":[0,1,2,0,0,0,0,2,1,0,0,2,1,0,0,0,0,0,0,2,1,2,1,0,0,2,2,2,0,0,2,0,0,0,2,2,0,0,0,1,1,0,2,0,1,2,2,0,0,1,2,0,0,1,2,1,2,2,0,2,0,2,2,2,2,2,1,0,1,2,1],"4":[0,2,0,0,0,0,0,2,1,1,0,0,2,1,0,2,2,2,2,2,2,1,0,1,0,0,2,0,1,0,0,0,1,0,0,2,0,0,0,2,0,0,2,1,1,0,0,1,0,1,1,1,1,0,0,2,2,1,0,1,0,0,2,2,2,1,2,1,2,1,0],"5":[0,0,2,0,0,2,0,1,0,0,1,0,2,0,0,1,1,2,2,2,1,0,0,1,0,2,2,2,0,0,2,0,2,1,1,2,2,1,2,1,0,2,1,1,0,0,0,0,0,0,0,2,0,2,0,2,0,1,0,2,0,2,2,1,1,2,1,1,2,1,1],"6":[2,0,1,0,0,0,1,0,1,0,0,1,0,2,2,2,0,2,0,2,0,2,2,0,1,2,1,2,2,1,2,0,1,0,2,2,0,1,0,0,1,0,2,0,0,0,2,1,2,1,1,0,0,2,0,2,1,0,2,1,0,2,2,1,2,2,0,1,2,2,2],"7":[0,0,2,0,1,2,1,1,2,2,0,1,2,0,0,1,1,2,2,2,2,2,2,0,0,0,0,1,1,1,0,1,0,2,0,1,0,1,1,0,1,2,0,0,0,0,0,1,0,0,2,1,0,2,2,0,0,0,0,1,0,1,1,2,2,2,1,0,2,0,2],"8":[0,0,1,0,0,0,0,0,0,0,2,0,0,0,1,0,0,2,2,2,0,2,2,2,0,2,1,2,0,0,1,1,1,1,2,2,1,0,2,0,0,1,0,0,0,0,1,2,2,0,1,2,0,2,2,0,0,1,0,0,1,2,0,2,2,2,1,1,1,0,1],"9":[0,0,2,1,0,0,1,0,2,1,0,2,2,0,2,2,1,0,2,2,1,1,1,1,0,1,2,0,1,2,2,1,0,0,1,0,0,0,0,1,0,1,2,0,0,0,0,0,0,2,0,2,0,1,2,0,0,1,0,0,0,2,1,2,2,2,0,2,2,1,0],"10":[1,0,2,1,0,2,1,0,2,0,0,1,0,0,1,1,0,2,1,2,2,2,0,0,0,2,2,0,1,1,2,2,2,1,0,2,2,0,0,2,2,0,2,2,0,0,0,0,0,0,1,2,1,1,2,0,0,2,2,0,0,2,2,2,2,0,1,0,1,0,2],"11":[1,1,2,0,0,2,0,2,0,0,0,1,0,2,0,0,0,2,1,1,1,2,0,0,0,2,0,0,1,2,0,1,0,2,2,1,1,1,0,0,0,0,0,0,0,0,0,2,0,0,2,0,0,0,0,1,2,0,1,1,0,2,0,0,2,1,0,0,1,2,1],"12":[0,2,0,2,0,1,0,1,2,0,0,0,1,1,0,2,1,0,2,2,2,2,0,0,0,2,0,2,0,1,1,1,0,0,0,2,1,0,0,2,0,0,0,0,0,1,0,2,1,0,1,1,0,2,1,0,1,0,2,0,0,0,2,2,2,1,2,2,2,0,1],"13":[2,1,2,0,0,1,0,2,0,0,0,0,0,0,0,2,1,2,2,2,0,2,2,0,1,2,1,2,2,2,0,2,0,1,2,0,0,0,2,0,2,0,1,2,0,0,0,1,2,1,1,2,0,2,2,0,0,1,0,0,1,2,0,2,0,0,2,0,2,1,1],"14":[0,2,2,1,0,0,0,2,2,2,2,0,0,1,0,0,0,1,1,2,1,0,2,1,0,0,1,0,2,2,2,2,1,0,0,2,0,0,0,0,1,2,1,1,0,0,0,0,0,0,1,0,0,1,0,0,2,1,2,2,0,2,1,1,1,1,2,0,1,1,0],"15":[2,2,2,0,0,0,0,2,2,0,0,0,1,0,0,1,0,2,1,2,2,1,2,0,0,2,0,1,0,2,2,2,0,2,1,2,0,0,1,0,0,2,2,1,2,0,0,2,0,0,2,0,0,1,1,0,2,0,0,0,0,0,0,2,1,0,0,2,1,0,0]},"Fulham":{"3":[1,0,0,0,0,0,0,1,1,1,0,0,2,0,1,0,2,2,2,2,0,1,2,0,2,2,2,2,0,1,2,1,0,0,0,1,0,1,2,1,0,2,0,0,0,0,2,1,2,0,2,2,0,0,0,2,1,2,0,0,1,2,2,2,1,2,2,1,2,2,0],"4":[0,2,1,0,0,2,0,2,2,0,1,0,0,0,0,2,1,0,2,2,2,2,0,1,1,2,2,0,2,2,1,1,0,0,0,1,1,2,0,2,2,2,2,2,2,0,0,0,1,0,2,0,0,1,1,1,1,1,1,2,2,2,2,2,2,1,2,2,2,1,0],"5":[0,0,2,0,1,2,1,1,2,2,0,1,2,0,0,1,1,2,2,2,2,2,2,0,0,0,0,1,1,1,0,1,0,2,0,1,0,1,1,0,1,2,0,0,0,0,0,1,0,0,2,1,0,2,2,0,0,0,0,1,0,1,1,2,2,2,1,0,2,0,2],"6":[2,0,2,1,0,2,0,2,2,0,0,0,1,0,1,2,0,1,1,2,1,2,0,0,0,2,1,2,0,2,0,0,0,1,0,0,2,1,2,1,2,2,2,2,0,2,2,1,2,1,2,0,0,2,2,0,2,2,0,2,2,2,2,2,2,2,2,2,2,0,0],"7":[1,2,2,1,0,2,0,2,0,0,1,0,1,0,0,1,0,1,1,2,2,1,1,2,1,2,2,2,0,0,0,2,1,0,0,2,1,2,0,2,0,0,1,0,0,0,2,1,0,1,0,0,0,0,2,0,2,0,1,0,2,1,2,2,2,2,2,0,2,0,0],"8":[0,2,0,0,0,0,0,2,1,1,0,0,2,1,0,2,2,2,2,2,2,1,0,1,0,0,2,0,1,0,0,0,1,0,0,2,0,0,0,2,0,0,2,1,1,0,0,1,0,1,1,1,1,0,0,2,2,1,0,1,0,0,2,2,2,1,2,1,2,1,0],"9":[1,2,1,0,0,1,0,0,1,0,0,0,0,0,0,0,1,2,1,0,2,0,1,0,1,1,2,0,1,0,2,0,1,0,2,0,2,1,0,0,1,2,2,1,0,1,1,0,2,1,0,0,1,1,2,0,1,2,2,2,0,1,2,2,2,2,0,0,1,0,0],"10":[2,1,0,0,0,0,0,1,1,0,0,1,2,0,1,0,2,2,2,2,0,1,0,0,0,1,2,2,0,1,0,1,2,1,1,0,1,1,0,0,1,0,2,0,0,0,0,1,0,0,2,1,0,1,1,0,1,2,0,1,2,1,2,2,2,2,2,1,2,0,1],"11":[1,0,2,1,0,2,1,0,2,0,0,1,0,0,1,1,0,2,1,2,2,2,0,0,0,2,2,0,1,1,2,2,2,1,0,2,2,0,0,2,2,0,2,2,0,0,0,0,0,0,1,2,1,1,2,0,0,2,2,0,0,2,2,2,2,0,1,0,1,0,2],"12":[1,1,2,0,0,2,0,2,0,0,0,1,0,2,0,0,0,2,1,1,1,2,0,0,0,2,0,0,1,2,0,1,0,2,2,1,1,1,0,0,0,0,0,0,0,0,0,2,0,0,2,0,0,0,0,1,2,0,1,1,0,2,0,0,2,1,0,0,1,2,1],"13":[2,0,1,0,0,0,1,0,1,0,0,1,0,2,2,2,0,2,0,2,0,2,2,0,1,2,1,2,2,1,2,0,1,0,2,2,0,1,0,0,1,0,2,0,0,0,2,1,2,1,1,0,0,2,0,2,1,0,2,1,0,2,2,1,2,2,0,1,2,2,2],"14":[0,0,1,0,0,0,0,2,0,1,2,2,2,1,0,0,1,2,2,0,0,2,0,2,0,2,0,1,2,0,1,2,1,2,2,0,0,1,0,2,1,0,2,1,1,2,2,0,2,1,2,2,0,0,2,0,0,1,0,0,0,2,2,2,2,1,0,0,1,1,0],"15":[1,1,1,0,0,0,0,2,1,0,0,2,0,1,1,2,0,2,0,2,2,2,1,2,0,0,0,2,2,2,2,0,2,0,2,0,0,0,1,1,2,0,0,0,0,1,1,1,0,2,2,1,0,0,2,0,1,2,2,2,0,2,2,1,2,1,0,1,0,2,0],"16":[0,2,1,1,0,0,2,1,0,0,0,0,0,0,0,2,1,2,1,2,0,2,2,0,0,0,0,0,1,1,2,2,2,2,2,0,0,0,2,2,1,1,1,0,1,0,1,2,2,2,0,2,0,0,0,0,1,0,1,2,2,2,2,0,1,2,0,0,0,1,0]},"Leeds United":{"7":[0,2,2,0,0,0,0,0,1,0,0,0,1,0,2,0,0,2,2,1,2,1,1,0,0,2,2,0,0,1,2,1,0,0,2,0,0,0,1,2,1,2,0,0,0,0,0,2,1,0,0,1,0,2,2,0,0,2,0,2,1,1,0,2,2,2,2,0,0,2,2],"8":[1,2,2,0,0,0,0,1,0,1,2,2,2,0,1,0,1,2,2,2,0,2,2,0,1,1,1,0,1,2,0,0,2,1,2,0,0,0,0,0,0,0,2,2,1,1,1,2,0,2,1,2,0,0,1,1,0,2,0,0,0,0,2,2,1,1,2,0,2,0,1],"9":[0,0,0,0,0,0,0,1,0,0,1,0,1,0,0,0,2,0,2,2,1,2,0,0,0,2,0,0,1,1,2,0,0,2,1,0,0,0,2,0,2,0,1,0,2,0,0,2,1,1,0,1,0,0,1,0,0,2,0,2,2,1,0,2,0,0,2,0,0,1,0],"10":[0,2,0,0,0,1,0,0,2,0,0,2,0,1,0,2,1,2,1,2,2,2,0,0,0,0,2,0,0,0,1,1,2,2,1,1,0,0,1,2,1,0,2,0,0,0,0,2,0,0,0,0,0,0,0,1,0,1,0,0,1,2,2,2,2,0,2,2,0,0,1],"11":[0,2,2,2,0,0,0,1,0,0,0,0,0,1,0,2,0,1,2,0,1,1,0,1,0,2,1,0,0,2,1,1,2,0,0,0,0,0,0,2,1,0,2,2,2,2,2,0,0,2,0,2,0,0,0,0,1,2,1,1,0,2,1,2,0,2,2,2,2,1,0],"12":[0,2,2,0,0,0,2,0,0,0,1,0,1,0,1,0,0,1,2,2,1,2,1,0,0,2,1,0,2,2,1,1,0,1,0,0,0,0,0,0,0,0,2,0,1,0,1,1,1,2,0,1,1,1,1,0,0,2,2,2,0,2,2,1,2,2,2,0,1,0,0],"13":[0,2,0,0,0,0,0,2,1,1,0,0,2,1,0,2,2,2,2,2,2,1,0,1,0,0,2,0,1,0,0,0,1,0,0,2,0,0,0,2,0,0,2,1,1,0,0,1,0,1,1,1,1,0,0,2,2,1,0,1,0,0,2,2,2,1,2,1,2,1,0],"14":[0,0,2,1,0,0,1,0,2,1,0,2,2,0,2,2,1,0,2,2,1,1,1,1,0,1,2,0,1,2,2,1,0,0,1,0,0,0,0,1,0,1,2,0,0,0,0,0,0,2,0,2,0,1,2,0,0,1,0,0,0,2,1,2,2,2,0,2,2,1,0],"15":[1,0,2,1,0,2,1,0,2,0,0,1,0,0,1,1,0,2,1,2,2,2,0,0,0,2,2,0,1,1,2,2,2,1,0,2,2,0,0,2,2,0,2,2,0,0,0,0,0,0,1,2,1,1,2,0,0,2,2,0,0,2,2,2,2,0,1,0,1,0,2],"16":[2,0,1,0,0,0,1,0,1,0,0,1,0,2,2,2,0,2,0,2,0,2,2,0,1,2,1,2,2,1,2,0,1,0,2,2,0,1,0,0,1,0,2,0,0,0,2,1,2,1,1,0,0,2,0,2,1,0,2,1,0,2,2,1,2,2,0,1,2,2,2],"17":[0,1,1,0,0,1,0,1,0,0,2,2,2,1,1,1,1,2,1,2,2,2,2,0,0,2,2,2,2,1,1,2,1,0,1,1,1,1,0,2,0,0,2,2,1,0,2,0,2,0,1,1,0,0,1,2,2,2,0,1,2,2,2,0,1,2,0,0,2,1,0],"18":[0,1,0,1,0,1,0,0,1,0,0,1,0,2,0,0,0,1,2,1,1,0,0,0,0,0,2,2,0,0,2,1,2,1,0,2,1,1,0,2,0,2,2,1,1,1,0,0,0,1,0,0,0,0,2,1,0,0,2,1,0,0,2,0,2,0,0,1,0,2,2],"19":[0,0,2,0,2,1,0,0,0,1,0,0,1,1,1,0,0,0,2,0,1,0,2,0,1,1,0,0,2,1,0,2,2,1,0,2,2,1,1,2,0,0,2,0,2,2,2,0,0,1,1,1,0,1,2,2,1,2,0,1,1,1,2,0,2,2,0,1,1,0,0]},"Liverpool":{"2":[1,0,0,1,0,0,0,2,2,1,2,0,0,2,2,0,1,2,2,2,1,0,2,1,0,2,2,1,0,1,1,0,0,2,1,0,1,1,0,0,0,0,2,2,2,1,2,0,2,0,1,1,0,1,1,1,1,0,2,2,0,2,1,2,2,0,0,0,0,2,0],"3":[1,1,2,0,0,2,0,2,0,0,0,1,0,2,0,0,0,2,1,1,1,2,0,0,0,2,0,0,1,2,0,1,0,2,2,1,1,1,0,0,0,0,0,0,0,0,0,2,0,0,2,0,0,0,0,1,2,0,1,1,0,2,0,0,2,1,0,0,1,2,1],"4":[0,2,2,1,0,0,0,2,2,2,2,0,0,1,0,0,0,1,1,2,1,0,2,1,0,0,1,0,2,2,2,2,1,0,0,2,0,0,0,0,1,2,1,1,0,0,0,0,0,0,1,0,0,1,0,0,2,1,2,2,0,2,1,1,1,1,2,0,1,1,0],"5":[2,0,1,0,0,0,1,0,1,0,0,1,0,2,2,2,0,2,0,2,0,2,2,0,1,2,1,2,2,1,2,0,1,0,2,2,0,1,0,0,1,0,2,0,0,0,2,1,2,1,1,0,0,2,0,2,1,0,2,1,0,2,2,1,2,2,0,1,2,2,2],"6":[1,0,0,0,0,0,1,1,0,1,0,1,0,0,2,2,2,1,1,2,1,1,0,0,0,2,0,1,0,1,2,1,2,2,1,0,1,1,0,0,1,1,1,0,1,0,0,1,1,0,2,0,0,0,2,1,2,2,0,0,0,1,2,2,2,0,0,0,1,0,0],"7":[2,1,0,0,0,0,0,1,1,0,0,1,2,0,1,0,2,2,2,2,0,1,0,0,0,1,2,2,0,1,0,1,2,1,1,0,1,1,0,0,1,0,2,0,0,0,0,1,0,0,2,1,0,1,1,0,1,2,0,1,2,1,2,2,2,2,2,1,2,0,1],"8":[1,0,2,1,0,2,1,0,2,0,0,1,0,0,1,1,0,2,1,2,2,2,0,0,0,2,2,0,1,1,2,2,2,1,0,2,2,0,0,2,2,0,2,2,0,0,0,0,0,0,1,2,1,1,2,0,0,2,2,0,0,2,2,2,2,0,1,0,1,0,2],"9":[2,0,2,1,0,2,0,2,2,0,0,0,1,0,1,2,0,1,1,2,1,2,0,0,0,2,1,2,0,2,0,0,0,1,0,0,2,1,2,1,2,2,2,2,0,2,2,1,2,1,2,0,0,2,2,0,2,2,0,2,2,2,2,2,2,2,2,2,2,0,0],"10":[0,0,2,0,0,2,0,1,0,0,1,0,2,0,0,1,1,2,2,2,1,0,0,1,0,2,2,2,0,0,2,0,2,1,1,2,2,1,2,1,0,2,1,1,0,0,0,0,0,0,0,2,0,2,0,2,0,1,0,2,0,2,2,1,1,2,1,1,2,1,1],"11":[0,0,0,0,0,0,1,0,1,0,0,2,2,0,0,0,1,2,0,2,2,0,0,2,1,2,2,2,1,1,2,0,2,0,1,2,0,1,2,2,1,0,0,2,0,1,1,1,0,1,0,0,0,0,2,2,0,2,1,2,2,1,2,2,2,1,2,0,2,0,0],"12":[0,1,2,0,0,0,0,0,0,1,1,0,0,1,0,2,1,1,2,1,2,2,1,0,0,2,2,2,2,1,1,2,2,0,0,2,0,2,1,2,2,1,1,0,0,1,0,0,0,1,0,2,1,1,2,0,2,1,0,0,0,1,1,1,1,2,2,0,1,1,0],"13":[0,0,1,1,0,1,0,0,0,0,1,1,2,0,2,2,1,0,2,2,1,2,2,2,1,1,0,0,2,0,2,0,2,1,0,2,0,0,2,2,1,2,2,0,1,0,2,1,0,0,0,0,1,2,2,0,2,2,2,1,0,2,0,1,2,2,2,1,2,2,0],"14":[0,2,2,0,0,0,0,0,2,0,1,1,0,1,0,1,1,0,2,2,1,1,2,2,0,2,0,2,0,0,2,0,2,2,0,0,0,0,1,2,2,2,0,2,2,0,0,1,0,1,2,2,0,0,2,2,2,2,0,2,0,2,2,2,2,0,2,2,1,1,2]},"Manchester City":{"1":[0,0,2,0,1,2,1,1,2,2,0,1,2,0,0,1,1,2,2,2,2,2,2,0,0,0,0,1,1,1,0,1,0,2,0,1,0,1,1,0,1,2,0,0,0,0,0,1,0,0,2,1,0,2,2,0,0,0,0,1,0,1,1,2,2,2,1,0,2,0,2],"2":[1,0,2,1,0,2,1,0,2,0,0,1,0,0,1,1,0,2,1,2,2,2,0,0,0,2,2,0,1,1,2,2,2,1,0,2,2,0,0,2,2,0,2,2,0,0,0,0,0,0,1,2,1,1,2,0,0,2,2,0,0,2,2,2,2,0,1,0,1,0,2],"3":[2,2,1,1,0,2,1,0,0,0,2,0,0,0,2,1,0,2,2,2,2,1,1,2,1,2,1,1,1,2,0,0,2,1,1,0,0,0,2,2,0,0,1,2,1,0,0,0,0,1,1,0,0,2,1,0,2,0,2,0,1,2,0,1,2,2,2,0,2,2,0],"4":[1,1,0,2,0,0,0,2,0,0,1,1,2,0,2,2,2,1,0,1,1,2,1,1,0,2,0,1,2,0,0,2,1,2,0,2,0,0,0,2,0,2,2,2,1,2,1,1,0,0,2,1,0,2,2,0,1,1,2,0,0,1,1,1,2,0,2,2,0,0,0],"5":[1,0,1,0,0,0,1,0,2,0,2,0,0,0,2,2,0,1,2,1,2,0,2,0,0,2,1,2,1,0,0,0,1,1,2,1,1,1,1,2,0,1,2,2,1,2,2,0,1,1,1,0,2,0,0,2,2,1,0,0,0,2,0,2,2,2,1,0,2,2,0],"6":[0,1,0,0,0,0,1,2,1,0,1,1,2,0,2,1,2,2,2,1,0,0,0,0,0,0,0,2,0,1,1,1,1,0,0,2,2,1,0,2,0,0,2,2,2,1,0,0,2,0,2,0,0,2,2,1,2,2,2,0,1,1,2,1,2,2,0,1,2,0,0]},"Manchester United":{"1":[0,2,1,2,2,1,1,2,1,2,1,0,0,0,0,2,0,0,2,2,2,1,2,0,1,0,2,1,2,1,0,2,1,2,1,1,2,0,2,2,0,0,1,0,0,1,0,1,0,0,1,0,0,1,2,1,2,0,2,0,0,2,2,0,0,1,2,0,2,2,0],"2":[2,2,0,1,0,0,0,2,2,1,0,0,1,0,2,1,1,0,2,2,0,1,2,0,2,2,2,1,0,2,1,2,1,1,0,0,0,0,2,0,0,1,1,1,0,2,0,0,2,0,0,0,1,1,0,0,0,2,2,1,0,0,1,1,2,2,2,2,0,1,2],"3":[1,0,2,1,0,2,1,0,2,0,0,1,0,0,1,1,0,2,1,2,2,2,0,0,0,2,2,0,1,1,2,2,2,1,0,2,2,0,0,2,2,0,2,2,0,0,0,0,0,0,1,2,1,1,2,0,0,2,2,0,0,2,2,2,2,0,1,0,1,0,2],"4":[1,0,0,0,0,0,1,1,0,1,0,1,0,0,2,2,2,1,1,2,1,1,0,0,0,2,0,1,0,1,2,1,2,2,1,0,1,1,0,0,1,1,1,0,1,0,0,1,1,0,2,0,0,0,2,1,2,2,0,0,0,1,2,2,2,0,0,0,1,0,0],"5":[1,1,2,0,0,2,0,2,0,0,0,1,0,2,0,0,0,2,1,1,1,2,0,0,0,2,0,0,1,2,0,1,0,2,2,1,1,1,0,0,0,0,0,0,0,0,0,2,0,0,2,0,0,0,0,1,2,0,1,1,0,2,0,0,2,1,0,0,1,2,1],"6":[0,0,1,0,0,0,0,2,0,1,2,2,2,1,0,0,1,2,2,0,0,2,0,2,0,2,0,1,2,0,1,2,1,2,2,0,0,1,0,2,1,0,2,1,1,2,2,0,2,1,2,2,0,0,2,0,0,1,0,0,0,2,2,2,2,1,0,0,1,1,0],"7":[2,0,2,1,0,2,0,2,2,0,0,0,1,0,1,2,0,1,1,2,1,2,0,0,0,2,1,2,0,2,0,0,0,1,0,0,2,1,2,1,2,2,2,2,0,2,2,1,2,1,2,0,0,2,2,0,2,2,0,2,2,2,2,2,2,2,2,2,2,0,0],"8":[0,2,0,1,0,1,0,0,0,0,0,2,0,0,0,0,0,2,2,1,0,0,0,2,0,2,2,2,2,2,1,1,2,2,0,0,0,0,2,0,0,2,2,0,0,0,1,1,2,1,0,0,0,1,2,2,1,2,0,1,0,1,2,1,2,2,2,2,2,1,2],"9":[0,1,1,2,0,1,1,0,2,0,1,2,0,0,1,0,1,2,2,0,1,0,0,1,1,2,2,1,2,1,0,2,1,1,0,2,0,2,1,0,2,2,2,1,0,0,2,2,2,1,2,0,0,0,0,0,2,2,0,1,1,2,2,2,1,1,1,2,1,0,0],"10":[0,0,2,1,0,1,0,0,2,0,1,1,0,0,0,1,2,0,1,2,2,0,0,0,0,2,2,1,1,2,2,2,0,0,0,2,0,0,0,1,0,2,2,0,0,0,2,2,2,2,0,2,0,2,2,1,1,2,0,0,0,2,2,1,0,1,0,2,0,0,0],"11":[0,1,2,2,2,0,0,2,2,0,0,1,1,0,0,0,0,0,2,2,0,1,0,1,0,2,2,0,1,2,0,0,0,0,0,2,0,1,1,2,1,2,1,0,0,2,2,2,2,2,0,0,0,0,1,1,2,0,1,0,0,0,2,1,2,2,2,0,2,0,0]},"Newcastle United":{"3":[0,0,1,0,0,0,2,1,2,2,0,1,0,0,1,0,1,0,2,2,2,2,1,0,0,2,1,2,0,1,0,2,2,2,2,2,1,1,0,2,0,2,2,0,2,0,0,2,1,0,0,0,0,0,2,0,2,0,0,2,0,2,2,0,2,2,2,0,2,2,0],"4":[1,2,1,1,2,0,2,1,0,0,0,1,0,1,1,0,0,0,2,2,2,2,0,2,0,2,2,2,0,1,2,0,0,0,2,2,0,2,2,0,0,1,0,0,0,0,1,2,2,0,1,0,0,2,2,0,2,1,0,0,0,2,1,2,2,0,2,1,0,0,2],"5":[0,1,2,0,1,0,2,1,0,1,1,0,0,1,0,1,0,2,1,2,0,0,0,2,1,2,2,2,2,1,0,0,2,0,2,0,1,2,2,1,0,2,1,1,1,1,2,0,2,2,2,0,0,2,2,0,2,2,1,0,2,0,2,0,2,1,0,0,1,0,1],"6":[0,0,2,1,0,1,0,2,0,1,2,0,1,1,0,2,0,2,1,2,1,2,1,2,0,1,2,2,2,2,2,2,2,0,0,2,0,1,2,1,0,0,1,2,1,0,1,0,0,2,0,0,0,1,2,0,2,1,1,0,0,1,2,0,2,1,2,1,1,0,2],"7":[2,0,1,0,0,0,1,0,1,0,0,1,0,2,2,2,0,2,0,2,0,2,2,0,1,2,1,2,2,1,2,0,1,0,2,2,0,1,0,0,1,0,2,0,0,0,2,1,2,1,1,0,0,2,0,2,1,0,2,1,0,2,2,1,2,2,0,1,2,2,2],"8":[2,0,2,0,0,0,2,0,0,1,2,0,0,0,1,2,1,2,2,2,2,2,2,0,0,2,0,1,1,0,2,0,2,0,2,0,2,1,2,0,1,0,1,2,2,0,1,1,2,1,0,0,1,2,2,0,0,0,0,0,0,2,2,2,2,0,0,2,2,1,1],"9":[1,1,2,0,0,2,0,2,0,0,0,1,0,2,0,0,0,2,1,1,1,2,0,0,0,2,0,0,1,2,0,1,0,2,2,1,1,1,0,0,0,0,0,0,0,0,0,2,0,0,2,0,0,0,0,1,2,0,1,1,0,2,0,0,2,1,0,0,1,2,1],"10":[2,0,2,1,0,2,0,2,2,0,0,0,1,0,1,2,0,1,1,2,1,2,0,0,0,2,1,2,0,2,0,0,0,1,0,0,2,1,2,1,2,2,2,2,0,2,2,1,2,1,2,0,0,2,2,0,2,2,0,2,2,2,2,2,2,2,2,2,2,0,0],"11":[0,0,1,0,0,0,0,0,0,0,2,0,0,0,1,0,0,2,2,2,0,2,2,2,0,2,1,2,0,0,1,1,1,1,2,2,1,0,2,0,0,1,0,0,0,0,1,2,2,0,1,2,0,2,2,0,0,1,0,0,1,2,0,2,2,2,1,1,1,0,1],"12":[2,1,0,0,0,0,0,1,1,0,0,1,2,0,1,0,2,2,2,2,0,1,0,0,0,1,2,2,0,1,0,1,2,1,1,0,1,1,0,0,1,0,2,0,0,0,0,1,0,0,2,1,0,1,1,0,1,2,0,1,2,1,2,2,2,2,2,1,2,0,1],"13":[0,0,2,0,1,2,1,1,2,2,0,1,2,0,0,1,1,2,2,2,2,2,2,0,0,0,0,1,1,1,0,1,0,2,0,1,0,1,1,0,1,2,0,0,0,0,0,1,0,0,2,1,0,2,2,0,0,0,0,1,0,1,1,2,2,2,1,0,2,0,2],"14":[1,0,2,1,0,2,1,0,2,0,0,1,0,0,1,1,0,2,1,2,2,2,0,0,0,2,2,0,1,1,2,2,2,1,0,2,2,0,0,2,2,0,2,2,0,0,0,0,0,0,1,2,1,1,2,0,0,2,2,0,0,2,2,2,2,0,1,0,1,0,2],"15":[1,0,0,0,0,0,0,2,2,1,1,2,1,1,1,0,2,2,2,0,1,1,2,0,0,1,1,0,0,1,2,0,2,0,0,0,0,0,2,2,1,0,0,1,0,0,2,0,1,1,1,2,2,0,1,2,0,2,2,1,0,1,0,2,1,1,1,0,1,1,1],"16":[2,2,1,0,0,1,0,1,1,0,0,2,1,2,0,1,0,0,2,1,2,2,0,2,1,1,1,0,0,2,1,2,1,0,1,2,1,0,2,0,2,1,1,2,0,0,1,1,1,0,2,0,2,2,0,0,0,1,0,2,2,1,1,2,1,2,2,0,0,0,0],"17":[2,2,2,0,0,0,0,2,2,0,0,1,1,1,1,0,2,1,2,0,1,0,0,2,0,2,0,0,0,1,1,0,1,2,0,0,0,2,1,0,0,1,0,2,1,2,2,1,2,0,2,2,2,1,0,1,0,0,0,0,1,2,0,1,0,2,0,0,1,2,1]},"Nottingham Forest":{"8":[1,2,2,0,0,2,1,2,0,1,2,2,0,1,0,2,0,1,1,2,1,0,2,2,0,2,0,0,0,2,2,2,2,2,1,2,0,0,1,2,1,0,2,0,0,0,0,2,0,2,2,0,2,0,0,0,0,1,1,2,1,0,1,0,2,2,2,1,1,0,2],"9":[2,0,2,0,0,0,0,0,0,0,0,0,0,0,1,1,0,2,0,2,0,1,2,2,1,2,1,1,0,1,2,0,0,0,0,0,1,2,1,2,1,2,0,0,0,0,1,0,0,2,2,2,1,0,0,0,0,2,2,2,2,1,1,2,2,2,2,2,2,2,0],"10":[1,0,2,0,0,1,1,1,0,0,2,1,0,0,2,0,0,0,0,1,0,2,0,2,1,2,2,0,1,2,0,0,0,2,2,1,0,0,0,2,2,0,0,1,1,0,1,1,1,2,1,1,0,0,1,0,0,2,1,2,1,0,2,1,2,0,1,0,2,0,2],"11":[0,0,2,0,0,1,0,2,1,0,1,2,0,0,0,2,1,2,2,2,2,1,0,1,1,0,1,1,0,2,2,0,0,0,2,2,0,1,0,0,0,0,1,0,2,0,2,1,2,2,2,1,0,0,0,0,0,0,2,2,2,2,2,2,2,2,2,0,2,2,0],"12":[2,0,2,0,1,0,0,2,2,0,0,1,1,0,1,2,0,1,0,1,1,2,2,1,0,1,2,0,1,0,1,0,0,0,0,1,1,2,1,1,1,0,0,2,0,0,1,1,1,2,2,2,1,0,2,0,0,1,2,2,1,2,1,2,1,1,0,2,2,0,2],"13":[0,0,2,0,0,0,0,0,0,0,0,2,0,1,2,2,0,2,0,1,0,2,2,1,2,1,0,1,1,2,1,1,0,0,1,0,0,0,0,2,0,0,1,1,0,0,0,0,0,2,1,2,1,2,0,0,0,1,1,2,0,1,1,2,2,2,0,0,2,2,1],"14":[1,2,1,0,0,1,0,2,1,0,0,2,0,1,0,2,2,2,2,2,0,0,1,1,0,2,0,2,2,2,2,0,2,0,2,1,0,0,0,2,2,0,0,1,0,1,0,1,1,1,0,2,0,0,1,1,0,2,2,2,2,0,0,1,2,2,0,0,2,0,2],"15":[1,1,2,0,0,2,0,2,0,0,0,1,0,2,0,0,0,2,1,1,1,2,0,0,0,2,0,0,1,2,0,1,0,2,2,1,1,1,0,0,0,0,0,0,0,0,0,2,0,0,2,0,0,0,0,1,2,0,1,1,0,2,0,0,2,1,0,0,1,2,1],"16":[1,0,2,1,0,2,1,0,2,0,0,1,0,0,1,1,0,2,1,2,2,2,0,0,0,2,2,0,1,1,2,2,2,1,0,2,2,0,0,2,2,0,2,2,0,0,0,0,0,0,1,2,1,1,2,0,0,2,2,0,0,2,2,2,2,0,1,0,1,0,2],"17":[2,0,1,0,0,0,1,0,1,0,0,1,0,2,2,2,0,2,0,2,0,2,2,0,1,2,1,2,2,1,2,0,1,0,2,2,0,1,0,0,1,0,2,0,0,0,2,1,2,1,1,0,0,2,0,2,1,0,2,1,0,2,2,1,2,2,0,1,2,2,2],"18":[0,0,0,0,0,1,1,0,1,1,0,0,2,0,1,1,1,1,1,1,0,1,0,0,1,1,1,2,2,0,2,0,0,2,0,1,0,0,2,2,0,1,2,0,0,0,0,0,1,0,1,2,0,1,1,2,1,1,2,0,2,2,1,2,0,2,1,0,2,1,1],"19":[2,2,2,1,1,1,0,0,0,1,0,2,2,0,0,0,1,2,2,0,2,2,1,1,1,2,0,0,0,0,1,0,2,1,2,0,1,2,1,1,0,1,2,0,1,1,0,0,0,0,0,0,2,1,2,2,2,0,1,0,2,2,1,1,1,0,1,1,0,0,0]},"Sunderland":{"3":[2,1,0,0,0,0,0,2,1,0,0,0,0,1,0,0,0,0,2,0,0,2,0,0,0,2,2,0,2,1,1,2,1,0,1,2,1,2,0,2,1,1,2,1,0,0,1,2,0,1,0,0,2,1,1,0,1,0,0,0,0,2,2,2,2,2,0,0,0,2,0],"4":[0,1,2,1,0,0,1,2,2,0,0,2,1,0,2,1,2,2,1,2,0,2,1,0,0,2,0,2,2,1,2,2,1,0,1,2,0,2,0,0,0,0,2,0,0,0,1,1,2,1,0,1,1,2,0,1,0,0,1,0,0,2,1,2,2,1,0,1,1,2,0],"5":[0,2,2,0,0,0,1,0,2,0,2,1,2,0,2,1,2,1,0,2,1,2,0,0,0,2,2,0,2,0,2,2,1,0,1,1,0,2,1,1,2,0,2,1,0,0,1,1,2,2,0,0,1,1,2,0,1,0,0,2,0,0,2,0,1,2,1,2,0,2,1],"6":[0,0,2,0,1,2,1,1,2,2,0,1,2,0,0,1,1,2,2,2,2,2,2,0,0,0,0,1,1,1,0,1,0,2,0,1,0,1,1,0,1,2,0,0,0,0,0,1,0,0,2,1,0,2,2,0,0,0,0,1,0,1,1,2,2,2,1,0,2,0,2],"7":[0,0,2,1,0,0,1,0,2,1,0,2,2,0,2,2,1,0,2,2,1,1,1,1,0,1,2,0,1,2,2,1,0,0,1,0,0,0,0,1,0,1,2,0,0,0,0,0,0,2,0,2,0,1,2,0,0,1,0,0,0,2,1,2,2,2,0,2,2,1,0],"8":[1,1,2,0,0,2,0,2,0,0,0,1,0,2,0,0,0,2,1,1,1,2,0,0,0,2,0,0,1,2,0,1,0,2,2,1,1,1,0,0,0,0,0,0,0,0,0,2,0,0,2,0,0,0,0,1,2,0,1,1,0,2,0,0,2,1,0,0,1,2,1],"9":[1,0,2,1,0,2,1,0,2,0,0,1,0,0,1,1,0,2,1,2,2,2,0,0,0,2,2,0,1,1,2,2,2,1,0,2,2,0,0,2,2,0,2,2,0,0,0,0,0,0,1,2,1,1,2,0,0,2,2,0,0,2,2,2,2,0,1,0,1,0,2],"10":[2,0,1,0,0,0,1,0,1,0,0,1,0,2,2,2,0,2,0,2,0,2,2,0,1,2,1,2,2,1,2,0,1,0,2,2,0,1,0,0,1,0,2,0,0,0,2,1,2,1,1,0,0,2,0,2,1,0,2,1,0,2,2,1,2,2,0,1,2,2,2],"11":[0,0,2,0,0,0,0,0,0,0,0,2,0,1,2,2,0,2,0,1,0,2,2,1,2,1,0,1,1,2,1,1,0,0,1,0,0,0,0,2,0,0,1,1,0,0,0,0,0,2,1,2,1,2,0,0,0,1,1,2,0,1,1,2,2,2,0,0,2,2,1],"12":[0,0,1,0,0,0,0,0,0,0,2,0,0,0,1,0,0,2,2,2,0,2,2,2,0,2,1,2,0,0,1,1,1,1,2,2,1,0,2,0,0,1,0,0,0,0,1,2,2,0,1,2,0,2,2,0,0,1,0,0,1,2,0,2,2,2,1,1,1,0,1],"13":[2,1,0,0,0,0,0,1,1,0,0,1,2,0,1,0,2,2,2,2,0,1,0,0,0,1,2,2,0,1,0,1,2,1,1,0,1,1,0,0,1,0,2,0,0,0,0,1,0,0,2,1,0,1,1,0,1,2,0,1,2,1,2,2,2,2,2,1,2,0,1],"14":[2,0,2,1,0,2,0,2,2,0,0,0,1,0,1,2,0,1,1,2,1,2,0,0,0,2,1,2,0,2,0,0,0,1,0,0,2,1,2,1,2,2,2,2,0,2,2,1,2,1,2,0,0,2,2,0,2,2,0,2,2,2,2,2,2,2,2,2,2,0,0],"15":[1,2,0,2,0,0,1,1,1,0,1,1,0,1,0,1,2,2,2,2,1,2,1,0,0,2,1,2,0,1,2,0,2,2,0,0,0,0,0,1,1,2,2,1,1,1,0,0,2,2,1,1,1,2,0,2,2,2,2,2,1,2,2,0,2,2,2,1,2,0,2],"16":[1,2,1,0,0,1,0,2,1,0,0,2,0,1,0,2,2,2,2,2,0,0,1,1,0,2,0,2,2,2,2,0,2,0,2,1,0,0,0,2,2,0,0,1,0,1,0,1,1,1,0,2,0,0,1,1,0,2,2,2,2,0,0,1,2,2,0,0,2,0,2],"17":[2,2,1,1,0,0,0,2,0,2,1,0,1,0,2,0,0,2,1,2,2,2,0,1,2,2,2,1,0,0,2,0,0,1,0,0,2,0,0,2,0,1,1,2,1,0,0,2,1,1,1,2,2,0,1,0,0,2,2,2,2,1,0,2,2,1,2,2,2,0,0]},"Tottenham Hotspur":{"12":[1,1,0,1,0,0,0,2,0,2,0,0,0,0,0,0,1,2,2,0,1,0,2,0,2,1,1,1,1,0,0,0,1,1,0,1,0,0,2,0,0,2,1,0,0,0,0,0,1,0,2,2,1,1,2,2,1,2,0,1,2,0,0,2,2,2,2,2,2,1,2],"13":[1,0,2,2,2,0,0,0,0,2,0,0,1,0,0,2,0,2,2,2,1,1,0,2,2,1,1,2,2,0,0,0,1,0,1,2,1,0,0,0,1,2,1,2,0,0,2,0,0,1,2,1,0,2,2,1,2,2,1,2,2,1,1,0,1,1,1,0,1,2,2],"14":[0,1,2,0,1,0,2,1,0,1,1,0,0,1,0,1,0,2,1,2,0,0,0,2,1,2,2,2,2,1,0,0,2,0,2,0,1,2,2,1,0,2,1,1,1,1,2,0,2,2,2,0,0,2,2,0,2,2,1,0,2,0,2,0,2,1,0,0,1,0,1],"15":[2,1,1,0,0,0,1,0,0,1,0,2,0,0,0,2,0,0,2,0,1,0,0,0,2,2,1,1,1,1,0,0,0,0,0,2,0,2,0,2,0,0,1,2,0,0,0,0,1,0,1,0,0,2,2,1,0,1,0,2,2,2,1,0,2,2,1,0,1,2,0],"16":[0,1,2,0,0,0,0,0,0,2,0,0,0,0,2,2,0,2,2,2,1,2,0,0,1,2,0,2,1,1,2,1,2,1,0,1,0,1,1,1,0,0,0,0,1,1,0,0,2,0,1,2,1,2,2,0,2,1,2,1,1,0,2,2,2,1,1,2,2,2,2],"17":[2,1,0,0,0,0,0,1,1,0,0,1,2,0,1,0,2,2,2,2,0,1,0,0,0,1,2,2,0,1,0,1,2,1,1,0,1,1,0,0,1,0,2,0,0,0,0,1,0,0,2,1,0,1,1,0,1,2,0,1,2,1,2,2,2,2,2,1,2,0,1],"18":[1,0,2,1,0,2,1,0,2,0,0,1,0,0,1,1,0,2,1,2,2,2,0,0,0,2,2,0,1,1,2,2,2,1,0,2,2,0,0,2,2,0,2,2,0,0,0,0,0,0,1,2,1,1,2,0,0,2,2,0,0,2,2,2,2,0,1,0,1,0,2],"19":[2,0,0,0,0,0,2,1,1,0,1,1,0,2,0,2,2,2,1,2,2,0,1,0,0,0,2,2,0,2,1,1,0,1,1,1,0,2,2,2,0,1,0,0,0,1,2,0,0,2,1,1,0,1,1,0,2,2,1,0,0,2,2,2,2,2,1,0,0,2,0],"20":[2,0,2,1,0,1,0,0,0,0,1,0,2,0,1,2,2,0,2,2,0,0,1,0,0,2,0,0,0,2,2,1,2,2,0,1,2,2,1,1,2,0,0,0,0,0,0,2,0,1,1,0,0,2,2,1,2,1,1,0,0,2,2,2,1,1,0,0,1,0,0]},"West Ham United":{"11":[0,0,1,0,0,0,0,0,0,0,2,2,0,2,2,2,0,2,2,2,2,1,0,0,0,2,2,1,2,2,2,1,2,2,2,1,0,0,2,0,0,0,0,1,2,0,2,0,1,2,2,2,2,0,0,0,1,2,1,1,1,2,2,2,0,0,1,0,2,0,1],"12":[0,1,2,0,0,2,1,0,0,0,0,1,0,2,2,2,0,0,0,2,1,0,0,2,0,2,2,0,2,0,2,0,1,0,0,1,0,0,2,0,0,1,2,0,0,0,0,2,0,2,0,1,2,2,1,0,1,2,2,2,2,2,1,2,0,0,1,0,0,1,0],"13":[1,