{"generated_at":"2026-06-15T20:40:12.637Z","sims":1000000,"season":"2026/2027","last_result_date":"2026-05-24","csv_latest_season":"2025/2026","season_config_hash":"3dce5eb4c75f4f3e57cd90a8a061152e330aad112365a92b7a34d0ed49a93824","tiers":[{"tier":1,"division":"Premier League","teams":["AFC Bournemouth","Arsenal","Aston Villa","Brentford","Brighton & Hove Albion","Chelsea","Coventry City","Crystal Palace","Everton","Fulham","Hull City","Ipswich Town","Leeds United","Liverpool","Manchester City","Manchester United","Newcastle United","Nottingham Forest","Sunderland","Tottenham Hotspur"],"basePoints":[0,0,0,0,0,0,0,0,0,0,0,0,0,0,0,0,0,0,0,0],"fixtures":[[0,1,0.1708595974137264,0.25879712307709196,0.5703432795091817],[0,2,0.3403378652167296,0.29289980723093506,0.3667623275523354],[0,3,0.42913954736647425,0.28855583066802754,0.2823046219654982],[0,4,0.4585736969692328,0.28454139485922547,0.2568849081715417],[0,5,0.4438570654257805,0.28669951147940737,0.2694434230948122],[0,6,0.6530170670403209,0.22956376954704788,0.11741916341263123],[0,7,0.540362537942843,0.2672808219817009,0.19235664007545633],[0,8,0.47535726534850326,0.281719203272449,0.24292353137904774],[0,9,0.4722149110363385,0.2822765247956353,0.2455085641680263],[0,10,0.7765928751182688,0.16954879877917356,0.05385832610255748],[0,11,0.6468902464133877,0.232024138329782,0.12108561525683041],[0,12,0.5003799272529592,0.2768128170787754,0.22280725566826548],[0,13,0.42598828732262367,0.28891342559767264,0.2850982870797038],[0,14,0.27486635500709505,0.2875248587522448,0.43760878624066013],[0,15,0.31365560886746235,0.29168266784598834,0.39466172328654925],[0,16,0.45962413952402076,0.2843759699376498,0.25599989053832933],[0,17,0.5055599721038807,0.2756942743140836,0.2187457535820356],[0,18,0.44596012629752607,0.28640945127862616,0.2676304224238477],[0,19,0.6495246078828265,0.23097204781500788,0.11950334430216561],[1,0,0.6709705294712366,0.2220807987845226,0.10694867174424079],[1,2,0.6105801416971096,0.245637823604679,0.14378203469821135],[1,3,0.6858372309607452,0.2155738722075891,0.09858889683166569],[1,4,0.7079822347236182,0.20535364957581756,0.08666411570056427],[1,5,0.6970602396487485,0.21047371984959293,0.09246604050165856],[1,6,0.8308242697061594,0.1365311473725001,0.03264458292134053],[1,7,0.7639373160319326,0.17663795983098177,0.05942472413708572],[1,8,0.7200934883181916,0.19949359154703108,0.08041292013477726],[1,9,0.717852843001384,0.20059229174589313,0.08155486525272287],[1,10,0.8950850902742745,0.0913501760072416,0.013564733718483908],[1,11,0.827424852095011,0.1387314343378222,0.033843713567166846],[1,12,0.7375165148675236,0.19072244919826659,0.07176103593420981],[1,13,0.6833934154615758,0.21666292677431728,0.09994365776410684],[1,14,0.5443998060410706,0.26620458251162565,0.18939561144730382],[1,15,0.5849098027459088,0.25426712669849705,0.16082307055559422],[1,16,0.7087508005572635,0.20498749954150844,0.08626169990122817],[1,17,0.7410341531302858,0.18890221044589728,0.070063636423817],[1,18,0.6986390118746183,0.20974320420945353,0.0916177839159282],[1,19,0.8288894191627337,0.13778570456427358,0.033324876272992764],[2,0,0.48163378545404845,0.2805664644808823,0.2377997500650693],[2,1,0.22194427211776904,0.2765788756507955,0.5014768522314356],[2,3,0.5003799272529592,0.2768128170787754,0.22280725566826548],[2,4,0.5291930462999934,0.2701502938649228,0.2006566598350838],[2,5,0.5148483484182185,0.2736012891547895,0.21155036242699204],[2,6,0.7087508005572635,0.20498749954150844,0.08626169990122817],[2,7,0.6068331167886324,0.2469487538834468,0.14621812932792094],[2,8,0.5454069925496731,0.2659328678627234,0.18866013958760353],[2,9,0.5423828616298338,0.26674483786636394,0.19087230050380238],[2,10,0.8152859455019952,0.14644220893409157,0.03827184556391339],[2,11,0.7033383893631896,0.2075495939304135,0.08911201670639693],[2,12,0.5693031197837696,0.2591104205547007,0.1715864596615299],[2,13,0.4972656877277496,0.277468418357651,0.22526589391459942],[2,14,0.3403378652167298,0.29289980723093506,0.36676232755233507],[2,15,0.38214892811614937,0.29237835023251557,0.32547272165133506],[2,16,0.5302123372023013,0.26989503436867524,0.19989262842902358],[2,17,0.5742097602052378,0.2576206286423407,0.16816961115242143],[2,18,0.5169056988069731,0.27312259849591225,0.20997170269711474],[2,19,0.7056672623574636,0.2064518530691648,0.08788088457337162],[3,0,0.3914815160771384,0.29188217714063586,0.3166363067822258],[3,1,0.15882254109429914,0.2533172156009229,0.587860243304778],[3,2,0.3224602202872801,0.29222506357599215,0.38531471613672774],[3,4,0.43965096624962086,0.287261118688954,0.27308791506142516],[3,5,0.42493818254901333,0.28902943342150006,0.2860323840294866],[3,6,0.6371221965006965,0.23584900644806803,0.1270287970512355],[3,7,0.5220375839886895,0.2719047763128464,0.2060576396984643],[3,8,0.4564723969571448,0.2848677833375138,0.25865981970534146],[3,9,0.45331955510469585,0.2853461513605425,0.2613342935347617],[3,10,0.7652298321281263,0.17592424987376534,0.05884591799810835],[3,11,0.6308186527246803,0.23825366608450319,0.13092768119081655],[3,12,0.48163378545404845,0.2805664644808823,0.2377997500650693],[3,13,0.4071212410541507,0.2907544211299301,0.30212433781591913],[3,14,0.25860849336718966,0.28485844524286213,0.45653306138994826],[3,15,0.2963451494281781,0.29019363901781003,0.4134612115540119],[3,16,0.44070246353059356,0.2871230400734028,0.2721744963960036],[3,17,0.4868546864295765,0.2795676528620845,0.23357766070833894],[3,18,0.42703855638058696,0.2887958204932112,0.28416562312620186],[3,19,0.6335284024025541,0.23722606522498765,0.12924553237245814],[4,0,0.362610684613645,0.2929759102438214,0.34441340514253366],[4,1,0.14134203848767618,0.24429744001317555,0.6143605214991482],[4,2,0.2953958385104819,0.29009529705853737,0.41450886443098084],[4,3,0.3811147601372978,0.2924250577047697,0.32646018215793254],[4,5,0.3956426195123559,0.2916180382459665,0.31273934224167754],[4,6,0.6115137400508789,0.24530846508433263,0.14317779486478854],[4,7,0.49310661321460175,0.27832415069267086,0.22856923609272736],[4,8,0.42703855638058696,0.2887958204932112,0.28416562312620186],[4,9,0.4238882520615773,0.2891438409567949,0.28696790698162783],[4,10,0.7465822487747998,0.18599722942145108,0.06742052180374915],[4,11,0.604952091439927,0.24760023238984152,0.14744767617023152],[4,12,0.4522684088848887,0.2855026006710525,0.2622289904440589],[4,13,0.3780158560614006,0.2925550386790827,0.3294291052595168],[4,14,0.23436998154119554,0.2797585067978448,0.48587151166095965],[4,15,0.2702997332060928,0.2868340351029782,0.442866231690929],[4,16,0.41130632598786204,0.2903908677991856,0.2983028062129524],[4,17,0.45752311288725034,0.28470533403187925,0.25777155308087035],[4,18,0.3977259391019046,0.2914759533245449,0.3107981075735504],[4,19,0.6077717583724909,0.24662200892570912,0.1456062327017999],[5,0,0.37698412071763443,0.29259498134955675,0.3304208979328089],[5,1,0.14989377322026656,0.24887636645108427,0.6012298603286491],[5,2,0.30880597022655765,0.29132281883469713,0.3998712109387453],[5,3,0.3956426195123561,0.2916180382459665,0.31273934224167743],[5,4,0.42493818254901344,0.2890294334215,0.28603238402948644],[5,6,0.6244484941473987,0.24063313996402466,0.13491836588857678],[5,7,0.5076281629696511,0.27523792432048094,0.21713391270986798],[5,8,0.44175398574531,0.2869834102803768,0.27126260397431307],[5,9,0.4385995038026503,0.2873976425927201,0.2740028536046296],[5,10,0.7560552011142153,0.18094009784498807,0.06300470104079675],[5,11,0.6180130483931999,0.24298541717555322,0.13900153443124688],[5,12,0.46697246509544177,0.2831767471562644,0.24985078774829392],[5,13,0.39252107506184014,0.29181865073336555,0.3156602742047943],[5,14,0.24632364910075769,0.2824489243459733,0.471227426553269],[5,15,0.283180680844066,0.2886696908031327,0.42814962835280124],[5,16,0.42598828732262367,0.28891342559767264,0.2850982870797038],[5,17,0.4722149110363385,0.2822765247956353,0.2455085641680263],[5,18,0.4123533837001102,0.2902958839614301,0.29735073233845966],[5,19,0.6207790017799848,0.2419807584854984,0.13724023973451685],[6,0,0.18569547638279707,0.26481960883657324,0.5494849147806297],[6,1,0.05684322978936294,0.17341386257122735,0.7697429076394097],[6,2,0.1407455429532744,0.24396552843015543,0.6152889286165701],[6,3,0.19908654500494632,0.26962380002771286,0.5312896549673409],[6,4,0.22113025692235835,0.27635637411427455,0.5025133689633671],[6,5,0.2099262426320349,0.27310870821712213,0.516965049150843],[6,7,0.2906697437338116,0.28957921947384696,0.41975103679234155],[6,8,0.23436998154119554,0.2797585067978448,0.48587151166095965],[6,9,0.23185281522164392,0.2791466620411571,0.4890005227371989],[6,10,0.5810342613128514,0.25549832495194175,0.16346741373520676],[6,11,0.40294167071993986,0.2910916503014745,0.3059666789785856],[6,12,0.25506555517626894,0.2841993822476292,0.4607350625761019],[6,13,0.19681181770196934,0.2688476457837499,0.5343405365142807],[6,14,0.10454327673410219,0.22025963929088152,0.6751970839750163],[6,15,0.125354308846705,0.23479120901957476,0.6398544821337203],[6,16,0.22194427211776904,0.2765788756507955,0.5014768522314356],[6,17,0.2594982829481803,0.2850194869568662,0.45548223009495353],[6,18,0.21150468797416005,0.2735875393280749,0.5149077726977651],[6,19,0.40607580642539315,0.290841202038146,0.30308299153646073],[7,0,0.285044402516835,0.2889066793152654,0.42604891816789964],[7,1,0.09991744228149002,0.21664198373932333,0.6834405739791867],[7,2,0.225218425984306,0.27745591279186926,0.4973256612238247],[7,3,0.3020690314679829,0.29074936074641716,0.40718160778559986],[7,4,0.32937187864826534,0.2925526809675484,0.3780754403841862],[7,5,0.31560396110314964,0.29181493205181125,0.39258110684503916],[7,6,0.5342818902850558,0.26886267749928405,0.1968554322156603],[7,8,0.34536203435678087,0.29298956928719666,0.3616483963560226],[7,9,0.34234467771317967,0.2929408220352498,0.3647145002515706],[7,10,0.6874588419730346,0.2148469870317626,0.0976941709952028],[7,11,0.5271522362529143,0.27065737699484244,0.20219038675224338],[7,12,0.369780234653474,0.29282709505380966,0.3373926702927163],[7,13,0.2992011322565964,0.29047887112991366,0.41031999661348995],[7,14,0.1736197495734126,0.2599765588222992,0.5664036916042883],[7,15,0.2036870546475947,0.2711454016866652,0.5251675436657401],[7,16,0.3303636097828264,0.292592721403966,0.3770436688132076],[7,17,0.3749225578230138,0.2926697837659109,0.3324076584110753],[7,18,0.31755707046863835,0.29194050322216886,0.39050242630919274],[7,19,0.5302123372023011,0.26989503436867524,0.19989262842902364],[8,0,0.3463696868569185,0.2930024099371974,0.36062790320588417],[8,1,0.13202573079392815,0.23891650088460148,0.6290577683214703],[8,2,0.28039596975325065,0.2883022836773444,0.431301746569405],[8,3,0.36465543069802453,0.29294190484136057,0.3424026644606149],[8,4,0.3935611185993606,0.29175345095794936,0.31468543044269004],[8,5,0.37904821428503277,0.29251340310240836,0.32843838261255887],[8,6,0.5964267034440196,0.25049749951794076,0.15307579703803964],[8,7,0.47640414138441495,0.281530592032755,0.24206526658283],[8,9,0.4071212410541507,0.2907544211299301,0.30212433781591913],[8,10,0.7353874017941184,0.19181607540061446,0.07279652280526716],[8,11,0.5897288068973273,0.2527099885310983,0.15756120457157458],[8,12,0.4354454246118949,0.2877978512360106,0.27675672415209446],[8,13,0.36158945896290234,0.2929903569822469,0.3454201840548507],[8,14,0.22113025692235835,0.27635637411427455,0.5025133689633671],[8,15,0.25594884558775544,0.2843663741775266,0.45968478023471804],[8,16,0.3946016367364649,0.29168657953936045,0.3137117837241746],[8,17,0.44070246353059356,0.2871230400734028,0.2721744963960036],[8,18,0.3811147601372978,0.2924250577047697,0.32646018215793254],[8,19,0.5926063800388865,0.25176632364388973,0.15562729631722375],[9,0,0.34939811669192566,0.29303070178826596,0.3575711815198083],[9,1,0.13373568853435042,0.23993639725426208,0.6263279142113876],[9,2,0.2831806808440658,0.2886696908031327,0.4281496283528016],[9,3,0.3677281430840046,0.29287812406790753,0.3393937328480878],[9,4,0.3966840569590753,0.29154782888941977,0.3117681141515049],[9,5,0.38214892811614903,0.29237835023251557,0.32547272165133534],[9,6,0.5992794292036999,0.24953814128475968,0.15118242951154043],[9,7,0.47954291228071555,0.2809563109870614,0.23950077673222298],[9,8,0.41340073594923243,0.29019926683417374,0.29639999721659394],[9,10,0.7375165148675235,0.19072244919826672,0.07176103593420995],[9,11,0.5926063800388865,0.25176632364388973,0.15562729631722375],[9,12,0.4385995038026503,0.2873976425927201,0.2740028536046296],[9,13,0.36465543069802453,0.29294190484136057,0.3424026644606149],[9,14,0.2235777375410276,0.2770199984602154,0.4994022639987569],[9,15,0.25860849336718966,0.28485844524286213,0.45653306138994826],[9,16,0.3977259391019046,0.2914759533245449,0.3107981075735504],[9,17,0.4438570654257805,0.28669951147940737,0.2694434230948122],[9,18,0.3842190049615556,0.2922798719468019,0.32350112309164253],[9,19,0.5954734001889713,0.2508158234507526,0.15371077636027602],[10,0,0.09117180745139293,0.20935670771241421,0.6994714848361928],[10,1,0.024377427356566016,0.11974859770665011,0.855873974936784],[10,2,0.06611352722042685,0.18452773171502618,0.749358741064547],[10,3,0.09901277093803629,0.21591610149724844,0.6850711275647152],[10,4,0.11230635313524999,0.22599724258766032,0.6616964042770896],[10,5,0.10548912974837281,0.22098053720278132,0.6735303330488459],[10,6,0.24805866875067695,0.28281062665008244,0.46913070459924067],[10,7,0.15752382357067893,0.2526918938491908,0.5897842825801303],[10,8,0.12052586443585193,0.2316536089333976,0.6478205266307505],[10,9,0.11894938742113495,0.23060025077861313,0.650450361800252],[10,11,0.24201576865149252,0.28151965980713733,0.4764645715413701],[10,12,0.13373568853435056,0.23993639725426216,0.6263279142113873],[10,13,0.0976684433860538,0.21482599479532527,0.687505561818621],[10,14,0.04730897545843218,0.16049439069934862,0.7921966338422193],[10,15,0.05797068159579221,0.17483503793979996,0.7671942804644079],[10,16,0.11280657337150117,0.2263533741360337,0.6608400524924651],[10,17,0.1366233152704282,0.24162528821613125,0.6217513965134406],[10,18,0.10644194036665174,0.22170046208733982,0.6718575975460085],[10,19,0.2445953913305472,0.28208148758078977,0.47332312108866303],[11,0,0.19082956634196918,0.26672930221816843,0.5424411314398624],[11,1,0.05882928449248408,0.17590366240832486,0.7652670530991911],[11,2,0.14496109472128502,0.24627567922243665,0.6087632260562784],[11,3,0.20446039914817474,0.27139495469341307,0.5241446461584123],[11,4,0.22686630831504892,0.27788657720547844,0.4952471144794726],[11,5,0.21548319510232786,0.27476314067576735,0.5097536642219048],[11,6,0.4175928897500882,0.2897965166068948,0.2926105936430171],[11,7,0.297295807030401,0.2902903503630208,0.41241384260657815],[11,8,0.24030458517873615,0.2811380466203094,0.47855736820095446],[11,9,0.23775075036728516,0.2805551283747611,0.4816941212579537],[11,10,0.5878046347433727,0.2533352197934881,0.15886014546313912],[11,12,0.2612826887354276,0.28533707304613765,0.4533802382184347],[11,13,0.2021460076638723,0.270642803798036,0.5272111885380918],[11,14,0.10788425878875399,0.22277843440656445,0.6693373068046816],[11,15,0.12921332551700068,0.23720624539244073,0.6335804290905587],[11,16,0.22769293786401384,0.2780999278421064,0.4942071342938798],[11,17,0.2657715890209286,0.2861046184494796,0.4481237925295918],[11,18,0.21708749321733425,0.27522467602855344,0.5076878307541124],[11,19,0.41340073594923243,0.29019926683417374,0.29639999721659394],[12,0,0.3224602202872801,0.29222506357599215,0.38531471613672774],[12,1,0.11894938742113478,0.23060025077861301,0.6504503618002522],[12,2,0.2586084933671894,0.284858445242862,0.4565330613899485],[12,3,0.3403378652167296,0.29289980723093506,0.3667623275523354],[12,4,0.368753833633136,0.2928534599874243,0.33839270637943963],[12,5,0.35446318557360157,0.29304374217268053,0.3524930722537179],[12,6,0.5732305323575779,0.25792036214170483,0.16884910550071736],[12,7,0.45121717944330525,0.28565754001654425,0.26312528054015055],[12,8,0.3852548941053745,0.29222810374883745,0.322517002145788],[12,9,0.38214892811614903,0.29237835023251557,0.32547272165133534],[12,10,0.7178528430013837,0.20059229174589324,0.081554865252723],[12,11,0.5663467109526517,0.25999347466440287,0.17365981438294556],[12,13,0.3373349656039041,0.2928255210084652,0.3698395133876307],[12,14,0.2021460076638723,0.270642803798036,0.5272111885380918],[12,15,0.2352125522461744,0.27995972603046604,0.4848277217233596],[12,16,0.36978023465347387,0.2928270950538097,0.3373926702927165],[12,17,0.4154962839446658,0.2900011428649443,0.29450257319039],[12,18,0.3564951856850455,0.2930370169912615,0.3504677973236931],[12,19,0.5693031197837691,0.2591104205547007,0.17158645966153008],[13,0,0.3946016367364649,0.29168657953936045,0.3137117837241746],[13,1,0.16078513092620766,0.2542492608818094,0.584965608191983],[13,2,0.3254157462069161,0.2923756021101709,0.382208651682913],[13,3,0.41340073594923243,0.29019926683417374,0.29639999721659394],[13,4,0.44280552300360526,0.2868422328802817,0.270352244116113],[13,5,0.42808897972584176,0.2886766211548604,0.28323439911929776],[13,6,0.6398030143880004,0.23481122127780674,0.12538576433419288],[13,7,0.5251085080356754,0.27115984090406253,0.20373165106026206],[13,8,0.45962413952402076,0.2843759699376498,0.25599989053832933],[13,9,0.4564723969571448,0.2848677833375138,0.25865981970534146],[13,10,0.7671573198533442,0.17485558104321774,0.05798709910343812],[13,11,0.6335284024025541,0.23722606522498765,0.12924553237245814],[13,12,0.484767448938567,0.2799713011620935,0.23526124989933947],[13,14,0.2612826887354276,0.28533707304613765,0.4533802382184347],[13,15,0.2992011322565965,0.29047887112991366,0.4103199966134898],[13,16,0.4438570654257805,0.28669951147940737,0.2694434230948122],[13,17,0.48998255265881513,0.2789519690714551,0.23106547826972976],[13,18,0.4301902493161042,0.2884334521565967,0.281376298527299],[13,19,0.6362258164169765,0.23619399567210525,0.12758018791091832],[14,0,0.551431652870344,0.26428073562121196,0.18428761150844394],[14,1,0.2813227481292593,0.28842633845276383,0.430250913417977],[14,2,0.4816337854540482,0.2805664644808823,0.2377997500650695],[14,3,0.5693031197837691,0.2591104205547007,0.17158645966153008],[14,4,0.5964267034440196,0.25049749951794076,0.15307579703803964],[14,5,0.5829742650340433,0.2548843667822591,0.16214136818369762],[14,6,0.7573840568756184,0.18022082537042475,0.06239511775395667],[14,7,0.667600873891638,0.2235164349782773,0.1088826911300846],[14,8,0.6115137400508789,0.24530846508433263,0.14317779486478854],[14,9,0.6087091461947816,0.24629460154318694,0.14499625226203153],[14,10,0.8477787240898014,0.1252834859020464,0.026937790008152246],[14,11,0.7527064019785872,0.18274191652188634,0.06455168149952628],[14,12,0.6335284024025541,0.23722606522498765,0.12924553237245814],[14,13,0.5663467109526517,0.25999347466440287,0.17365981438294556],[14,15,0.45331955510469585,0.2853461513605425,0.2613342935347617],[14,16,0.5973788128363374,0.2501784404594818,0.15244274670418084],[14,17,0.6380171918051619,0.23550354381136948,0.12647926438346854],[14,18,0.5849098027459084,0.2542671266984971,0.1608230705555944],[14,19,0.7547202559737716,0.18166021408026226,0.06361952994596631],[15,0,0.509694063565453,0.2747765338304938,0.21552940260405334],[15,1,0.24459539133054697,0.2820814875807897,0.47332312108866326],[15,2,0.43859950380265,0.28739764259272016,0.2740028536046299],[15,3,0.5281730100178079,0.2704044099807998,0.20142258000139227],[15,4,0.5564272440817706,0.26287600827011215,0.18069674764811725],[15,5,0.5423828616298335,0.266744837866364,0.1908723005038026],[15,6,0.7289165309462727,0.19510251378560287,0.07598095526812453],[15,7,0.6317232671962705,0.23791163865719975,0.13036509414652978],[15,8,0.5722502481358345,0.25821921417064886,0.16953053769351667],[15,9,0.5693031197837691,0.2591104205547007,0.17158645966153008],[15,10,0.8288894191627336,0.13778570456427366,0.0333248762729928],[15,11,0.7237968868777978,0.19766306543512369,0.07854004768707863],[15,12,0.5954734001889713,0.2508158234507526,0.15371077636027602],[15,13,0.5251085080356753,0.2711598409040626,0.20373165106026217],[15,14,0.3677281430840046,0.29287812406790753,0.3393937328480878],[15,16,0.5574235551547828,0.2625920854569025,0.17998435938831464],[15,17,0.600227925866914,0.24921691331953813,0.1505551608135479],[15,18,0.5443998060410703,0.2662045825116257,0.18939561144730402],[15,19,0.7260003203164068,0.19656531096907004,0.07743436871452318],[16,0,0.36158945896290234,0.2929903569822469,0.3454201840548507],[16,1,0.1407455429532744,0.24396552843015543,0.6152889286165701],[16,2,0.29444788173416653,0.2899953270566623,0.4155567912091713],[16,3,0.3800811855831697,0.2924700757269488,0.3274487386898816],[16,4,0.409213134285283,0.29057592569859375,0.3002109400161233],[16,5,0.3946016367364649,0.29168657953936045,0.3137117837241746],[16,6,0.6105801416971096,0.245637823604679,0.14378203469821135],[16,7,0.49206569758978413,0.2785347634355309,0.22939953897468499],[16,8,0.42598828732262367,0.28891342559767264,0.2850982870797038],[16,9,0.4228385058665068,0.2892566452346858,0.28790484889880735],[16,10,0.7458941200773312,0.18635980573266828,0.06774607419000046],[16,11,0.6040097173295625,0.2479249538577498,0.14806532881268775],[16,12,0.4512171794433054,0.28565754001654425,0.26312528054015044],[16,13,0.37698412071763443,0.29259498134955675,0.3304208979328089],[16,14,0.23352916566354326,0.2795559197818369,0.4869149145546199],[16,15,0.2693910012170862,0.28669122467311553,0.4439177741097982],[16,17,0.4564723969571448,0.2848677833375138,0.25865981970534146],[16,18,0.3966840569590753,0.29154782888941977,0.3117681141515049],[16,19,0.6068331167886323,0.2469487538834468,0.14621812932792097],[17,0,0.31755707046863835,0.29194050322216886,0.39050242630919274],[17,1,0.11635829868832168,0.2288369644266904,0.6548047368849879],[17,2,0.25418390333120844,0.2840309131440551,0.4617851835247364],[17,3,0.3353380168660529,0.29276749521780293,0.3718944879161441],[17,4,0.36363267837901947,0.2929597593865593,0.3434075622344212],[17,5,0.34939811669192566,0.29303070178826596,0.3575711815198083],[17,6,0.5683186728235191,0.2594056858364859,0.1722756413399951],[17,7,0.44596012629752607,0.28640945127862616,0.2676304224238477],[17,8,0.3800811855831697,0.2924700757269488,0.3274487386898816],[17,9,0.37698412071763443,0.29259498134955675,0.3304208979328089],[17,10,0.7140874320317023,0.20242374481686176,0.08348882315143588],[17,11,0.5613992129934167,0.2614466701578721,0.17715411684871116],[17,12,0.4050307264822954,0.2909263353543985,0.30404293816330624],[17,13,0.3323502486998043,0.29266771953002496,0.37498203177017075],[17,14,0.19832640680049615,0.2693662058195988,0.5323073873799051],[17,15,0.23101728894740803,0.2789400012005244,0.4900427098520676],[17,16,0.36465543069802453,0.29294190484136057,0.3424026644606149],[17,18,0.3514215378273011,0.29304103553669586,0.35553742663600313],[17,19,0.5643707015826599,0.2605775673774636,0.17505173103987642],[18,0,0.3749225578230138,0.2926697837659109,0.3324076584110753],[18,1,0.14864908035386717,0.24823030000501325,0.6031206196411195],[18,2,0.3068747812447873,0.2911672437361718,0.4019579750190409],[18,3,0.3935611185993606,0.29175345095794936,0.31468543044269004],[18,4,0.4228385058665068,0.2892566452346858,0.28790484889880735],[18,5,0.40816702034831503,0.2906659949095552,0.30116698474212983],[18,6,0.6226163968422612,0.24130808284662952,0.13607552031110923],[18,7,0.5055599721038807,0.2756942743140836,0.2187457535820356],[18,8,0.43965096624962086,0.287261118688954,0.27308791506142516],[18,9,0.4364967230599773,0.28766601230938466,0.275837264630638],[18,10,0.7547202559737716,0.18166021408026226,0.06361952994596631],[18,11,0.6161625550066272,0.24365221711560123,0.14018522787777168],[18,12,0.4648738917767452,0.2835267054758353,0.25159940274741954],[18,13,0.3904424515905268,0.2919440284982886,0.3176135199111845],[18,14,0.24459539133054722,0.28208148758078977,0.473323121088663],[18,15,0.28132274812925956,0.28842633845276383,0.43025091341797667],[18,16,0.4238882520615773,0.2891438409567949,0.28696790698162783],[18,17,0.4701186637138786,0.28264093328664164,0.24724040299947972],[18,19,0.6189363420228365,0.242651119497959,0.13841253847920448],[19,0,0.18861773708541946,0.26591714883252804,0.5454651140820526],[19,1,0.057970681595792134,0.17483503793979988,0.7671942804644081],[19,2,0.1431429686219763,0.24528943066959988,0.6115676007084238],[19,3,0.2021460076638723,0.270642803798036,0.5272111885380918],[19,4,0.22439718068707018,0.2772386092841996,0.49836421002873027],[19,5,0.2130905492137872,0.27406148346563525,0.5128479673205776],[19,6,0.41444837270686,0.2901010189456437,0.29545060834749626],[19,7,0.2944478817341666,0.28999532705666226,0.41555679120917105],[19,8,0.23775075036728516,0.2805551283747611,0.4816941212579537],[19,9,0.2352125522461744,0.27995972603046604,0.4848277217233596],[19,10,0.5849098027459085,0.2542671266984971,0.16082307055559436],[19,11,0.4071212410541507,0.2907544211299301,0.30212433781591913],[19,12,0.25860849336718966,0.28485844524286213,0.45653306138994826],[19,13,0.19984857629327266,0.26988026267296283,0.5302711610337645],[19,14,0.10644194036665174,0.22170046208733982,0.6718575975460085],[19,15,0.12754830386119875,0.23617409137610465,0.6362776047626966],[19,16,0.22521842598430608,0.27745591279186926,0.4973256612238246],[19,17,0.26307349176285105,0.2856486360384126,0.45127787219873644],[19,18,0.21468380323761277,0.2745304967430893,0.5107857000192979]],"posProbs":{"AFC Bournemouth":[0,0.002079,0.025685,0.061736,0.097666,0.116147,0.114477,0.104713,0.093119,0.083369,0.071622,0.060606,0.051574,0.043089,0.033528,0.02269,0.012146,0.004485,0.000983,0.000286,0],"Arsenal":[0,0.826068,0.130942,0.030912,0.008564,0.002117,0.000871,0.000305,0.000123,0.000055,0.000004,0.000031,0.000008,0,0,0,0,0,0,0,0],"Aston Villa":[0,0.019833,0.132918,0.205194,0.201055,0.135176,0.091632,0.065738,0.047119,0.033782,0.023243,0.01634,0.011518,0.007522,0.004541,0.002843,0.001199,0.000332,0.000015,0,0],"Brentford":[0,0.001257,0.015024,0.039515,0.071077,0.092444,0.100358,0.097694,0.098796,0.091852,0.08164,0.075641,0.06536,0.057064,0.047068,0.034082,0.020388,0.008009,0.002313,0.000409,0.000009],"Brighton & Hove Albion":[0,0.000444,0.005581,0.019531,0.037482,0.057116,0.069178,0.078283,0.084866,0.087322,0.090752,0.090351,0.086307,0.082523,0.074404,0.065466,0.044691,0.018625,0.005573,0.001457,0.000048],"Chelsea":[0,0.000425,0.009287,0.028063,0.051894,0.072711,0.082903,0.093096,0.089365,0.092445,0.088584,0.08604,0.078981,0.071376,0.058836,0.047422,0.031819,0.011961,0.003833,0.000957,0.000002],"Coventry City":[0,0,0,0,0.000068,0.000036,0.000064,0.000387,0.000311,0.000909,0.002074,0.003209,0.005588,0.010672,0.02085,0.039853,0.088267,0.203337,0.27623,0.294712,0.053433],"Crystal Palace":[0,0.000016,0.000205,0.001371,0.003159,0.006225,0.012011,0.017552,0.024441,0.033922,0.042437,0.056397,0.070058,0.091929,0.119214,0.15078,0.176611,0.111519,0.057037,0.023365,0.001751],"Everton":[0,0.000314,0.003304,0.011665,0.027251,0.040162,0.053238,0.064527,0.07195,0.077391,0.087158,0.09212,0.095077,0.094769,0.092032,0.083222,0.065342,0.027626,0.0106,0.002174,0.000078],"Fulham":[0,0.00024,0.004119,0.012896,0.027059,0.044519,0.056978,0.066778,0.075003,0.083338,0.087318,0.092141,0.094119,0.092085,0.089836,0.077316,0.058748,0.025477,0.009541,0.002375,0.000114],"Hull City":[0,0,0,0,0,0,0,0,0,0,0,0.000001,0.00001,0.000001,0.000102,0.000195,0.001031,0.006812,0.030048,0.113727,0.848073],"Ipswich Town":[0,0,0,0,0.00003,0.000079,0.000124,0.000386,0.000894,0.001136,0.002129,0.003571,0.006898,0.012356,0.023346,0.045416,0.097784,0.221044,0.27245,0.266326,0.046031],"Leeds United":[0,0.000013,0.001003,0.005111,0.011877,0.021874,0.032727,0.041486,0.053221,0.061847,0.074851,0.083701,0.094525,0.105017,0.115601,0.118786,0.101187,0.04981,0.020965,0.006047,0.000351],"Liverpool":[0,0.001348,0.017411,0.04353,0.072029,0.097367,0.103587,0.101146,0.096656,0.08707,0.08264,0.07185,0.064257,0.054848,0.043838,0.032993,0.019544,0.007583,0.001972,0.000331,0],"Manchester City":[0,0.106431,0.416675,0.228628,0.115075,0.058429,0.03241,0.018236,0.009683,0.0065,0.003587,0.002042,0.001066,0.000811,0.000246,0.000099,0.000082,0,0,0,0],"Manchester United":[0,0.040691,0.220889,0.263703,0.177317,0.108063,0.067221,0.043997,0.028532,0.018513,0.012123,0.007785,0.005184,0.002927,0.00196,0.000713,0.00029,0.00009,0.000002,0,0],"Newcastle United":[0,0.000321,0.006329,0.017794,0.037222,0.056396,0.068132,0.078937,0.084766,0.088858,0.089116,0.090233,0.087687,0.086147,0.075638,0.06283,0.043599,0.017963,0.006452,0.00151,0.00007],"Nottingham Forest":[0,0.000043,0.001406,0.004668,0.011022,0.02078,0.029861,0.038877,0.049549,0.058682,0.070577,0.080458,0.091895,0.102421,0.117107,0.12277,0.109119,0.059133,0.023838,0.007506,0.000288],"Sunderland":[0,0.000477,0.009222,0.025681,0.050149,0.070323,0.084008,0.087564,0.090996,0.092108,0.087884,0.083443,0.083972,0.072993,0.060749,0.049475,0.03326,0.01288,0.003734,0.001033,0.000049],"Tottenham Hotspur":[0,0,0,0.000002,0.000004,0.000036,0.00022,0.000298,0.00061,0.000901,0.002261,0.00404,0.005916,0.01145,0.021104,0.043049,0.094893,0.213314,0.274414,0.277785,0.049703]},"examples":{"AFC Bournemouth":{"1":[0,0,0,0,1,1,2,0,0,0,0,0,0,1,0,0,1,0,0,0,2,0,0,2,1,1,0,0,0,1,0,2,2,2,1,0,2,0,2,0,0,1,0,0,0,0,0,0,0,0,0,1,1,0,1,1,1,2,2,2,2,1,2,0,0,0,0,1,1,2,0,0,1,2,2,0,2,2,2,0,0,0,2,1,2,0,0,0,0,0,1,0,1,1,2,0,1,0,0,0,1,0,1,2,0,0,2,2,1,1,1,1,2,0,1,2,2,2,2,1,2,0,2,1,2,2,2,1,2,0,0,0,2,0,2,0,1,2,0,0,1,2,2,1,0,1,2,1,0,0,0,0,2,2,2,1,0,2,1,1,2,0,1,1,0,2,1,2,0,1,0,2,1,2,2,2,1,2,2,0,0,2,1,0,2,2,0,0,0,1,1,2,2,1,2,1,0,2,1,2,0,2,1,2,2,2,1,1,0,2,2,2,2,1,1,0,1,1,2,1,0,2,1,1,0,2,1,2,1,1,1,2,0,0,1,0,0,2,2,2,0,2,1,0,0,2,0,2,2,0,0,0,1,2,0,1,0,0,1,0,2,0,1,0,0,1,0,2,1,1,0,2,0,0,1,0,0,0,0,0,0,1,0,2,1,0,2,1,0,0,0,0,0,0,2,0,0,1,0,0,2,1,1,0,0,0,1,1,0,0,1,1,0,0,0,0,0,0,2,2,2,1,0,0,2,2,2,0,2,0,1,1,1,1,0,1,0,0,0,0,0,2,2,2,0,2,1,1,1,0,2,2,0,0,0,1,1,1,0,0,0,2,2,1,2,1,1,0,0,2,1,0,2,1,1,2,2,0,1,1],"2":[1,1,2,0,0,0,1,0,0,0,0,0,0,1,2,0,0,1,0,1,0,1,0,0,0,1,0,0,0,1,0,0,2,0,0,0,0,0,0,2,0,2,0,0,0,0,0,0,0,0,2,2,0,1,2,2,2,0,2,0,0,2,1,0,2,2,0,0,0,0,0,0,0,0,0,0,2,2,2,0,2,0,1,1,1,0,0,2,2,0,2,2,2,0,1,1,2,1,1,0,1,1,0,0,2,1,0,0,1,0,2,0,1,2,2,2,2,1,2,1,1,1,2,0,1,2,2,1,0,1,2,2,0,0,1,2,2,2,2,1,1,1,2,2,1,2,2,0,0,1,1,0,1,2,2,1,1,2,0,0,2,1,0,2,2,1,2,0,2,2,0,1,2,0,0,1,2,0,0,0,0,0,2,1,2,2,2,0,1,0,2,2,2,2,2,2,0,2,2,2,2,0,2,2,0,2,2,2,0,2,2,1,0,0,2,0,0,2,1,0,0,2,2,0,1,2,2,1,2,1,2,1,1,0,0,1,0,1,0,2,2,2,1,2,0,1,1,0,1,1,0,0,2,0,1,2,0,0,1,0,2,0,2,1,0,1,2,2,1,0,1,0,0,0,0,1,0,1,0,0,2,0,0,1,0,2,1,0,0,0,0,2,0,1,1,1,0,1,0,1,0,1,0,0,1,0,0,2,2,1,0,0,0,2,1,0,0,1,2,2,0,0,1,1,2,0,2,0,0,0,1,1,2,0,1,0,1,0,2,0,0,1,2,1,0,1,0,1,0,1,1,2,0,1,1,1,0,0,1,2,0,2,2,0,1,1,0,2,2,2,2,2,1,1,2,0,2,1,0,0],"3":[2,0,0,0,0,0,0,1,0,0,0,0,0,0,2,1,1,1,0,1,0,1,0,0,0,2,0,0,0,0,0,1,0,1,0,0,0,1,1,1,2,0,0,0,0,0,1,0,0,0,2,0,2,2,0,0,0,0,2,0,0,0,1,0,1,1,0,0,0,1,1,0,0,1,1,0,1,2,1,0,2,0,0,1,1,0,0,1,1,2,2,2,0,1,0,2,1,0,0,0,2,0,2,0,0,0,2,1,0,1,2,0,2,0,2,2,2,0,2,2,1,2,2,0,0,2,2,2,2,2,2,1,0,0,1,2,1,1,1,0,1,2,0,1,2,0,0,2,0,1,2,2,0,2,2,0,0,1,1,0,2,2,1,2,1,1,2,2,0,0,2,0,2,0,2,0,0,0,1,1,0,0,0,1,1,0,1,1,1,0,2,2,2,1,2,2,2,2,1,2,2,0,2,2,1,2,2,2,2,1,2,1,0,1,2,1,0,2,2,1,0,2,2,1,2,1,1,1,2,2,1,0,2,0,0,0,0,0,0,0,0,1,0,1,0,2,1,0,1,2,1,2,2,0,0,0,0,0,0,0,1,0,2,1,2,1,0,1,0,0,0,0,0,0,0,0,0,1,0,1,1,1,1,0,0,0,0,2,0,1,2,1,0,0,1,0,0,2,0,0,1,0,2,0,2,2,0,2,1,0,2,0,0,1,1,1,0,2,0,2,1,0,0,2,2,2,1,1,2,0,0,1,2,0,0,0,2,2,2,2,2,1,1,1,2,1,2,0,0,0,2,1,1,0,2,1,0,0,2,1,0,2,2,2,0,1,2,2,2,2,2,2,2,2,2,1,1,2,1,1],"4":[0,0,0,1,0,2,0,0,0,0,1,0,2,2,0,2,1,2,0,0,1,0,0,0,0,0,0,1,0,0,0,0,1,0,1,0,1,0,1,0,1,0,0,0,0,2,0,0,0,1,0,2,2,0,0,1,0,1,1,1,1,2,2,2,2,1,0,1,0,2,2,2,2,0,0,0,2,2,0,2,0,0,1,0,0,0,0,0,1,0,1,0,0,2,0,2,2,2,1,1,1,0,1,1,0,0,0,0,0,1,0,0,0,2,2,2,2,2,1,1,2,1,1,0,0,2,2,2,2,2,0,2,1,1,2,0,2,0,1,2,0,1,0,1,1,2,2,0,2,2,2,0,2,2,1,0,0,2,2,0,1,0,0,0,2,0,2,2,0,2,2,2,1,2,0,0,1,1,2,0,0,0,0,1,2,2,1,0,2,1,1,2,2,2,1,2,0,2,2,2,2,1,2,2,2,1,2,0,2,2,2,1,1,2,1,1,1,0,1,0,2,1,0,0,2,0,2,0,2,1,2,2,2,2,0,0,1,0,1,0,0,2,2,0,0,2,1,0,1,0,0,0,0,1,0,0,1,0,1,1,2,2,0,0,2,2,2,0,0,0,0,2,0,0,1,0,0,0,1,0,2,1,0,0,2,1,2,0,1,0,2,2,2,1,0,0,1,0,0,0,2,2,0,1,0,1,2,2,2,1,1,1,1,1,0,0,0,0,0,2,0,0,0,0,1,2,2,0,0,1,2,1,0,0,0,1,2,2,0,1,2,0,0,1,2,2,0,2,0,2,1,2,0,1,0,1,1,2,2,0,0,2,0,1,2,2,2,0,2,1,1,0,0,1,2,2,2,2,2,0],"5":[1,0,2,1,0,0,0,1,0,1,1,1,0,1,0,0,2,0,0,1,2,1,0,0,0,0,0,0,0,0,1,0,1,2,0,1,0,0,2,1,0,0,2,0,1,0,0,0,0,1,1,1,2,1,1,0,2,0,2,2,0,1,0,0,2,1,0,1,1,0,1,1,1,0,1,1,0,2,1,2,1,0,2,0,0,0,1,0,1,0,1,1,1,2,1,1,2,2,0,0,0,0,1,0,1,0,2,0,1,1,0,1,0,1,1,2,2,2,2,1,2,2,0,0,2,2,2,2,2,1,1,0,1,2,2,2,2,0,2,2,1,2,1,1,0,1,1,2,1,2,2,0,1,1,2,1,1,2,2,0,1,0,1,0,1,2,0,0,2,0,2,0,1,2,0,2,0,1,1,1,1,1,2,2,2,1,2,2,2,1,2,1,2,2,1,2,2,2,2,2,2,2,2,2,1,2,1,2,1,2,2,0,1,2,1,0,2,2,1,0,2,2,2,2,1,2,0,0,2,2,1,1,0,2,0,1,1,2,0,0,1,2,2,0,1,1,0,1,1,0,1,2,0,0,2,2,0,0,2,0,1,0,2,2,2,0,0,2,1,0,1,0,0,0,0,0,0,0,0,0,0,0,0,0,0,0,1,1,0,0,2,0,0,0,0,0,0,0,1,0,0,0,0,1,1,2,2,1,0,1,0,1,0,1,0,2,0,2,1,0,0,2,1,2,1,2,1,0,2,1,0,1,1,0,2,0,0,1,1,0,0,0,0,0,1,2,0,0,1,0,2,1,2,0,2,1,2,1,0,1,0,1,2,2,0,0,0,1,0,2,0,1,1,0,0,0,2,2,0,0],"6":[2,0,0,0,0,1,2,0,2,0,0,1,2,0,2,0,0,0,0,0,2,0,0,0,0,0,0,0,2,0,1,0,0,1,0,1,0,0,0,2,0,0,0,1,1,0,0,0,0,0,0,0,0,2,2,2,0,0,2,1,2,0,1,2,0,2,0,1,1,1,2,2,0,0,0,0,0,2,1,1,0,0,0,2,0,0,0,1,1,0,1,1,0,1,0,0,2,2,0,1,0,2,2,0,0,1,1,2,1,2,1,0,0,0,2,1,2,2,0,0,0,1,1,1,0,2,2,2,2,2,0,2,2,2,0,2,1,2,1,1,2,1,0,1,0,0,0,1,0,1,1,1,1,1,1,2,2,2,2,1,0,0,2,2,1,2,0,2,1,1,0,1,2,2,0,0,1,1,2,0,0,0,0,1,2,0,1,1,1,1,2,2,2,2,2,1,1,2,2,2,0,0,2,2,2,2,1,1,1,1,2,2,1,0,2,0,0,2,1,0,0,1,2,2,2,0,0,0,2,2,1,1,1,0,1,1,0,1,0,1,2,1,2,1,2,0,0,2,0,2,1,0,2,0,1,1,0,2,1,1,1,0,2,2,2,1,0,0,1,0,0,1,0,1,0,0,0,0,2,0,1,0,1,0,0,0,2,0,0,1,1,1,2,0,0,2,0,1,2,2,0,0,0,0,0,2,2,1,0,2,2,1,0,0,0,0,0,0,2,2,0,0,0,0,1,2,2,2,0,0,0,2,0,0,0,1,2,1,2,1,0,0,2,2,1,2,0,0,0,0,0,0,0,0,2,1,2,2,0,0,2,0,1,1,2,2,0,0,2,1,2,1,0,2,1,1,2,2,0,2],"7":[1,0,0,0,2,0,0,0,0,0,0,0,2,2,2,0,0,1,1,1,0,1,0,0,0,0,0,1,0,1,0,0,0,0,0,1,2,0,1,0,0,1,0,1,0,0,2,0,0,0,1,2,1,0,1,0,1,1,1,0,0,1,1,0,1,2,0,0,2,1,1,1,1,2,0,1,0,2,2,1,2,0,2,0,2,1,0,0,1,0,1,2,0,2,1,1,0,2,1,0,0,2,0,2,1,1,1,0,1,0,2,1,1,0,2,2,0,1,0,1,0,1,2,1,1,1,2,1,1,1,0,2,1,0,2,2,0,0,1,2,2,1,0,0,2,1,1,1,0,1,2,1,2,0,0,2,0,0,0,1,0,1,0,2,1,0,0,0,0,1,0,0,2,2,2,1,2,1,0,2,0,2,2,0,2,2,0,2,1,0,1,2,2,2,2,1,0,1,2,2,2,2,2,2,2,2,1,0,2,1,2,2,1,1,1,0,1,2,1,1,2,2,1,0,2,0,2,2,2,2,2,0,1,1,0,0,2,0,1,0,1,0,0,0,0,2,0,0,2,0,0,0,2,0,0,0,1,0,2,0,0,1,0,1,0,0,0,2,1,0,2,1,1,0,0,1,0,0,0,0,0,0,1,0,0,2,2,0,0,0,0,0,0,0,0,0,1,0,1,1,2,0,0,1,1,0,0,0,2,2,1,1,1,2,0,2,0,1,0,1,0,0,0,1,2,1,2,2,1,1,2,2,0,0,0,1,1,2,2,0,2,0,0,2,2,0,0,2,0,0,0,2,0,0,2,1,1,2,2,1,0,1,1,1,1,2,1,2,1,2,2,0,0,1,2,2,2,0,2,2],"8":[1,0,1,1,0,0,2,0,0,0,0,1,2,2,0,2,1,0,0,1,2,1,0,1,0,1,2,2,0,0,0,0,0,0,0,0,0,0,1,0,0,0,1,1,1,0,2,0,0,2,1,1,1,1,0,1,0,1,2,0,0,0,0,0,0,1,0,0,0,1,2,1,1,2,2,0,0,2,1,0,2,0,0,1,1,0,0,0,0,2,2,0,0,0,0,1,1,0,1,0,1,0,2,2,0,0,0,0,2,2,1,2,1,1,2,2,0,2,1,1,2,1,0,2,0,0,2,2,1,1,2,1,0,2,2,2,1,1,0,0,2,2,0,0,1,0,2,2,2,1,1,1,1,2,0,2,1,2,0,1,1,1,0,0,0,1,0,2,0,1,2,1,2,2,0,0,0,0,0,1,0,0,2,2,0,0,1,0,2,0,2,2,2,2,2,2,2,1,1,1,0,1,2,1,2,2,0,2,0,1,2,2,2,0,0,1,2,2,0,1,2,2,0,1,0,0,2,2,2,0,2,2,0,2,0,0,2,0,1,0,0,1,2,2,1,2,0,1,2,2,2,2,0,0,0,1,2,0,0,2,1,1,1,1,2,0,0,1,1,0,0,2,0,1,2,0,1,0,1,2,1,2,1,0,0,0,2,0,0,0,1,0,2,1,0,0,0,0,0,2,0,0,2,0,1,2,2,0,1,1,0,0,0,2,0,0,2,2,0,0,0,0,1,2,2,0,0,0,1,0,2,0,2,0,0,2,2,2,2,0,0,0,0,1,1,0,2,0,1,2,0,1,0,2,0,1,2,2,1,0,0,0,2,2,2,0,2,1,2,2,1,1,1,2,2,2,0,1,1,1],"9":[0,2,2,0,0,1,1,0,2,0,1,0,1,1,2,1,0,1,0,2,0,1,2,0,1,2,0,1,0,0,0,0,1,2,0,2,0,0,0,2,2,1,1,0,0,0,1,1,1,2,2,0,2,2,2,1,0,1,2,1,0,0,1,0,0,0,0,1,0,1,2,1,0,0,0,0,1,2,2,0,2,2,2,0,2,0,0,2,2,1,0,2,0,1,0,0,2,2,0,0,2,2,1,1,0,1,1,2,2,2,1,0,1,0,2,2,0,2,2,1,0,0,1,0,2,2,2,2,1,1,2,0,0,0,2,2,2,0,0,2,0,0,2,1,0,0,2,2,0,2,2,0,2,2,2,0,0,0,1,0,2,0,0,2,2,2,1,2,1,1,0,0,2,2,0,2,2,0,2,2,0,0,2,2,2,2,0,0,1,0,2,2,2,2,2,2,2,1,2,2,2,1,2,2,2,2,2,2,2,2,2,1,2,2,2,1,1,1,0,0,2,2,2,1,2,2,2,0,2,1,0,2,0,0,2,1,2,1,0,2,1,2,2,2,1,2,1,0,1,0,1,0,1,0,0,1,0,0,0,1,2,0,1,1,0,1,0,0,1,0,0,0,0,0,2,2,0,2,0,1,0,2,0,2,0,0,2,2,0,1,0,0,2,0,0,0,1,0,2,1,0,0,0,0,1,0,0,1,2,1,1,1,0,1,0,1,2,1,1,1,0,1,0,1,2,2,2,0,0,0,1,2,0,0,0,2,0,2,1,1,2,1,2,1,2,1,0,0,0,0,0,0,0,0,0,2,1,0,1,2,2,0,1,0,0,0,2,2,2,1,2,1,1,0,2,2,0,2,1,2],"10":[2,1,2,1,1,0,0,1,1,0,0,0,1,1,2,1,2,0,1,0,0,0,2,1,0,0,0,0,0,0,0,1,0,1,0,0,0,0,1,0,2,1,0,2,2,0,0,0,1,0,0,0,1,2,1,2,0,1,2,2,0,0,0,0,2,1,0,0,1,2,2,1,0,1,2,0,2,2,1,1,1,0,1,0,0,0,0,0,1,0,0,2,0,2,0,1,2,1,0,0,1,1,1,1,0,0,1,1,2,0,0,1,0,1,2,1,2,2,2,0,1,1,1,0,0,2,0,2,1,0,2,1,0,0,2,2,2,1,0,0,1,0,2,1,1,2,2,0,1,1,0,1,1,2,2,2,1,1,0,0,2,0,1,0,1,2,1,0,0,0,1,0,2,2,0,2,1,0,0,2,0,0,2,1,0,1,2,2,2,1,1,2,2,2,2,2,1,2,0,1,0,2,2,2,2,1,2,2,2,2,2,2,2,0,0,0,1,2,2,1,0,2,0,2,2,0,2,1,0,2,1,0,1,0,0,2,1,0,0,1,0,0,2,2,2,0,0,0,1,2,0,2,2,0,0,0,1,0,0,1,1,2,1,0,0,0,2,2,1,0,0,1,0,0,0,0,0,0,2,2,1,0,0,0,0,1,2,1,0,2,2,0,0,2,1,0,0,1,0,0,0,1,1,0,1,0,2,0,2,0,1,2,1,2,1,2,2,2,2,2,2,0,0,2,1,0,0,0,1,2,0,0,2,0,0,2,1,1,1,0,0,0,0,2,2,2,2,0,0,0,0,0,1,0,2,0,2,1,1,2,1,2,0,2,2,2,1,2,1,0,2,0,2,0,2,1,0,2,0,2],"11":[2,2,0,1,0,1,1,1,1,1,0,1,2,1,2,2,0,0,0,2,0,0,0,1,0,0,0,2,0,0,0,0,1,0,2,0,0,0,0,0,0,0,2,0,0,1,0,0,0,0,0,2,1,0,0,1,0,2,1,2,0,0,0,0,0,0,1,1,0,2,2,0,0,1,2,0,0,2,0,1,2,0,0,0,1,0,0,0,2,0,2,1,1,0,0,2,1,0,2,1,1,0,0,2,1,0,0,2,0,0,1,2,0,1,0,2,1,2,0,2,2,2,1,0,1,0,1,2,2,2,2,2,0,0,1,2,2,2,0,2,2,0,2,0,1,2,1,1,2,0,1,0,0,2,1,0,0,2,2,0,2,0,1,0,1,2,2,0,2,2,0,2,2,2,1,0,1,0,1,1,0,0,0,0,2,1,1,2,2,0,1,2,2,1,2,1,2,1,2,1,2,2,1,2,2,1,1,0,0,1,2,2,0,2,1,1,0,0,1,0,2,1,1,2,2,0,2,1,0,2,2,2,0,2,0,2,1,0,0,0,2,2,1,0,2,2,0,2,2,0,0,0,2,1,2,0,0,0,0,2,0,2,0,2,2,0,0,2,1,0,0,0,0,1,0,1,0,0,0,0,0,0,1,0,0,0,2,1,0,0,1,0,1,2,0,0,2,2,1,2,1,0,1,0,2,1,2,1,1,1,1,0,1,1,0,0,2,1,2,2,2,0,0,0,2,2,1,2,2,0,0,0,1,1,2,2,2,1,1,1,2,0,2,0,2,0,2,0,1,2,2,2,0,0,0,1,2,1,1,0,0,1,2,1,0,1,1,0,1,1,2,0,2,1,2,2,2,2,1,2],"12":[2,0,2,2,0,1,2,0,1,0,0,0,2,2,2,0,0,1,0,2,0,0,0,0,1,0,1,1,0,0,0,0,2,0,0,0,0,0,0,2,0,2,1,0,0,0,0,0,2,0,2,0,1,1,1,0,2,2,2,0,0,1,2,0,0,0,0,0,2,1,0,1,0,1,2,0,0,2,2,1,0,1,2,2,1,0,0,1,0,2,1,2,1,1,0,0,1,1,0,0,1,0,0,1,0,0,1,0,2,2,1,0,0,0,0,2,1,0,2,2,2,0,2,0,1,1,2,2,2,2,1,0,2,2,2,0,0,1,0,1,2,1,0,0,1,0,2,0,2,2,1,0,0,2,1,2,2,0,0,2,0,1,0,1,2,2,0,1,2,2,0,2,2,2,0,1,2,0,0,2,0,2,0,2,1,0,1,2,0,2,2,2,2,2,2,1,2,0,1,1,2,2,1,2,2,2,1,0,1,0,2,2,2,0,2,0,2,2,2,1,0,2,1,2,1,2,2,0,0,0,1,1,2,2,2,1,2,2,0,2,2,2,1,0,1,1,2,1,2,1,2,0,2,0,2,0,0,0,2,0,1,0,2,0,0,1,0,2,2,1,1,0,0,0,2,1,0,2,1,0,0,0,1,1,0,0,2,2,0,0,0,0,0,0,0,0,0,2,0,0,1,0,2,0,1,2,0,0,2,0,0,1,0,0,1,1,1,1,2,1,0,0,2,0,1,1,2,1,2,0,2,1,2,1,0,0,1,2,2,1,1,0,0,1,2,0,1,1,1,2,0,0,1,0,2,0,1,0,1,2,1,0,1,1,0,2,2,0,0,0,2,1,0,0,2,2,2,2,1,2],"13":[0,0,1,2,1,2,0,1,0,1,2,0,2,2,1,1,1,2,0,1,1,2,0,2,0,0,0,0,0,0,1,0,0,2,2,0,0,0,1,2,2,0,0,0,2,2,2,1,1,0,2,0,0,0,1,1,0,0,2,2,0,0,0,1,2,1,2,0,1,2,1,0,2,2,0,1,0,2,2,0,1,1,0,2,2,0,1,0,1,0,1,2,0,1,0,1,2,2,1,1,0,1,1,1,0,1,2,2,0,2,1,0,0,2,2,0,2,2,0,2,1,0,0,0,2,2,2,1,2,2,2,2,0,2,2,2,1,0,1,2,1,2,0,0,1,1,2,2,2,0,2,1,1,0,1,0,0,1,0,0,0,2,1,0,2,2,1,2,2,1,0,1,1,0,2,1,1,1,2,0,0,0,0,0,2,1,0,1,2,2,2,2,2,2,2,1,0,2,2,0,1,2,2,2,1,2,2,1,2,2,2,2,0,1,0,1,1,2,1,0,2,2,2,2,2,2,0,2,1,2,0,0,0,1,0,0,0,0,0,0,0,1,2,1,0,1,1,1,0,2,0,0,0,1,1,1,2,1,0,0,0,1,1,2,2,0,0,1,2,0,1,0,0,0,0,0,1,1,0,0,0,1,0,0,2,0,1,1,0,0,2,1,0,2,0,0,2,0,2,0,0,1,0,0,1,2,1,1,0,2,0,2,2,0,0,0,0,2,0,2,0,0,0,1,1,0,2,2,1,0,0,2,2,0,0,0,0,2,2,1,2,2,1,1,0,1,2,0,0,1,2,2,0,0,0,2,1,0,0,2,2,1,2,1,0,1,0,0,2,2,1,1,0,0,2,1,1,2,2,2],"14":[0,2,1,1,2,0,2,2,0,1,1,0,0,1,0,1,0,1,1,1,0,1,0,0,0,0,1,2,0,0,0,0,0,0,0,0,1,2,2,1,1,1,0,0,0,2,1,0,0,0,0,1,2,1,0,2,0,1,2,0,0,2,2,0,1,0,1,2,2,0,0,2,2,2,0,1,0,2,2,0,1,0,2,1,2,0,0,1,0,1,2,0,0,2,2,0,2,0,1,0,0,1,2,2,0,0,0,1,2,1,2,0,0,0,2,2,0,1,2,1,2,1,1,0,1,1,0,2,2,1,2,0,0,0,2,2,2,2,0,2,2,0,0,0,1,1,1,1,1,2,1,0,0,2,1,2,0,1,0,0,2,0,0,0,0,2,0,0,2,2,2,0,0,0,0,2,0,0,1,1,0,0,0,0,0,2,0,0,1,0,2,2,1,2,2,2,2,1,2,2,2,1,1,0,2,2,0,1,2,1,2,2,0,2,2,0,2,2,2,0,1,2,1,2,2,2,2,0,1,0,2,0,0,2,0,2,0,1,0,0,0,0,1,1,1,0,1,0,2,1,1,2,0,2,0,0,2,0,2,1,2,0,2,1,0,0,1,1,0,1,2,1,1,0,2,0,0,0,0,0,2,1,0,1,2,0,0,0,1,0,0,1,0,0,2,0,1,2,1,1,2,1,0,0,1,2,0,1,1,0,2,0,2,2,0,0,0,0,2,1,0,0,0,2,2,0,0,0,2,0,2,0,0,1,0,0,0,2,1,1,0,0,0,1,2,2,0,0,0,2,0,2,1,0,2,0,0,1,1,0,0,2,1,2,2,2,0,2,2,2,2,0,0,2,0,2,0,2,2,1],"15":[2,2,2,0,2,0,0,0,0,1,2,2,1,2,2,2,0,2,0,1,1,0,0,2,0,1,0,0,1,0,0,2,0