{"generated_at":"2026-04-28T04:33:10.872Z","sims":1000000,"season":"2025/2026","last_result_date":"2026-04-26","tiers":[{"tier":1,"division":"Premier League","teams":["AFC Bournemouth","Arsenal","Aston Villa","Brentford","Brighton & Hove Albion","Burnley","Chelsea","Crystal Palace","Everton","Fulham","Leeds United","Liverpool","Manchester City","Manchester United","Newcastle United","Nottingham Forest","Sunderland","Tottenham Hotspur","West Ham United","Wolverhampton Wanderers"],"basePoints":[49,73,58,48,50,20,48,43,47,48,40,58,70,58,42,39,46,34,36,17],"fixtures":[[0,7,0.5677755825383687,0.25916417713752443,0.17306024032410688],[0,12,0.2422371024910659,0.2809766127619737,0.4767862847469604],[1,5,0.8217899986661673,0.1422088456474063,0.03600115568642649],[1,9,0.6193838166294007,0.24213669676868438,0.13847948660191495],[2,11,0.35377287325744955,0.29248024541298173,0.35374688132956883],[2,17,0.6411400352373621,0.2339611009536316,0.12489886380900636],[3,7,0.5306445737966983,0.26934767882586286,0.20000774737743898],[3,18,0.5101185623458442,0.27422411065098373,0.21565732700317206],[4,13,0.3517442713961444,0.29247688101583424,0.3557788475880213],[4,19,0.67807717029246,0.21871629089113945,0.10320653881640059],[5,2,0.13100357637465956,0.23775390655696516,0.6312425170683753],[5,19,0.3578402243656628,0.29246652641758003,0.3496932492167572],[6,15,0.3970425130167766,0.2909822653494076,0.31197522163381586],[6,17,0.5628320267580006,0.26062034280139545,0.1765476304406041],[7,1,0.16092387601726135,0.2537457307853315,0.5853303931974071],[7,8,0.36498906755732113,0.292376939630271,0.3426339928124078],[8,12,0.16158261715617783,0.25405435720020497,0.5843630256436172],[8,16,0.4778602142047815,0.28078191587551565,0.24135786991970287],[9,0,0.3346492141870866,0.29217332917905253,0.373177456633861],[9,14,0.49248241183882485,0.27797867765499235,0.22953891050618289],[10,4,0.36703846417393615,0.2923360258011032,0.34062551002496066],[10,5,0.6854608813125294,0.21546088264790694,0.09907823603956384],[11,3,0.4789070129876144,0.2805906572853252,0.24050232972706043],[11,6,0.5558696776935217,0.26261906080146546,0.18151126150501293],[12,2,0.6175359370329199,0.24280380913739055,0.13966025382968966],[12,3,0.6248958463311816,0.24012141700577389,0.1349827366630446],[12,7,0.7197707388187067,0.19940908775675018,0.08082017342454322],[13,3,0.4747179580831941,0.28134724741644684,0.243934794500359],[13,11,0.4074872686593391,0.29018907223922913,0.3023236591014318],[13,15,0.5377604207959416,0.26753129672469633,0.19470828247936217],[14,4,0.29377249264733396,0.289337275625015,0.4168902317276511],[14,18,0.3897569113300392,0.2914386084854283,0.31880448018453256],[15,0,0.3120000938042774,0.29098408349543003,0.3970158227002925],[15,14,0.46842592252464965,0.282439497654394,0.2491345798209564],[16,6,0.3527581416943853,0.29247941521561704,0.3547624430899976],[16,13,0.2270724622464629,0.27734891985892624,0.4955786178946109],[17,8,0.2615230369348937,0.2847881802066948,0.4536887828584115],[17,10,0.23711917179608946,0.2798167312930728,0.4830640969108377],[18,1,0.174467218467016,0.2597569024560728,0.5657758790769112],[18,10,0.3568221416956038,0.2924725119963944,0.3507053463080019],[19,9,0.19547890753339728,0.2678008263998853,0.5367202660667175],[19,16,0.2742026252770096,0.286837625143183,0.43895974957980743]],"posProbs":{"AFC Bournemouth":[0,0,0,0.000002,0.000147,0.005851,0.191799,0.210328,0.176644,0.149237,0.124078,0.089495,0.038594,0.011344,0.002255,0.000219,0.000007,0,0,0,0],"Arsenal":[0,0.648903,0.351097,0,0,0,0,0,0,0,0,0,0,0,0,0,0,0,0,0,0],"Aston Villa":[0,0,0.000001,0.209641,0.393078,0.382397,0.01384,0.000984,0.000059,0,0,0,0,0,0,0,0,0,0,0,0],"Brentford":[0,0,0,0.00008,0.000854,0.009236,0.13921,0.170404,0.176732,0.164641,0.14257,0.112882,0.056848,0.020148,0.005584,0.000791,0.00002,0,0,0,0],"Brighton & Hove Albion":[0,0,0,0.000041,0.002139,0.026562,0.401627,0.234349,0.147474,0.094193,0.055398,0.02743,0.008746,0.001832,0.000202,0.000007,0,0,0,0,0],"Burnley":[0,0,0,0,0,0,0,0,0,0,0,0,0,0,0,0,0,0,0,0.689241,0.310759],"Chelsea":[0,0,0,0,0.000032,0.002986,0.082921,0.132669,0.164342,0.171906,0.164721,0.146374,0.095516,0.029821,0.007535,0.001112,0.000065,0,0,0,0],"Crystal Palace":[0,0,0,0,0,0.000001,0.000737,0.002595,0.005896,0.011509,0.021647,0.0417,0.099544,0.218033,0.258943,0.239121,0.094186,0.006032,0.000056,0,0],"Everton":[0,0,0,0,0.000001,0.000286,0.036294,0.074112,0.111379,0.146141,0.173066,0.194275,0.160093,0.071027,0.026949,0.006097,0.00028,0,0,0,0],"Fulham":[0,0,0,0,0.000011,0.001204,0.089857,0.136768,0.156009,0.16775,0.172777,0.155984,0.080645,0.029255,0.008427,0.001266,0.000047,0,0,0,0],"Leeds United":[0,0,0,0,0,0,0.000001,0.000028,0.000501,0.002973,0.010587,0.027761,0.088817,0.21516,0.251314,0.248405,0.123782,0.02784,0.002831,0,0],"Liverpool":[0,0,0,0.243751,0.319792,0.411699,0.021779,0.002672,0.000286,0.000021,0,0,0,0,0,0,0,0,0,0,0],"Manchester City":[0,0.351097,0.648797,0.000106,0,0,0,0,0,0,0,0,0,0,0,0,0,0,0,0,0],"Manchester United":[0,0,0.000105,0.546379,0.283946,0.159754,0.008963,0.000797,0.000054,0.000002,0,0,0,0,0,0,0,0,0,0,0],"Newcastle United":[0,0,0,0,0,0,0.00014,0.000754,0.002246,0.005231,0.012857,0.029576,0.07679,0.19129,0.242502,0.244018,0.160672,0.033227,0.000697,0,0],"Nottingham Forest":[0,0,0,0,0,0,0,0,0.000013,0.000145,0.001002,0.003455,0.014849,0.05851,0.11445,0.197025,0.46569,0.132982,0.011879,0,0],"Sunderland":[0,0,0,0,0,0.000024,0.012832,0.03354,0.058365,0.086251,0.121297,0.171063,0.279181,0.148839,0.066383,0.020421,0.001793,0.000011,0,0,0],"Tottenham Hotspur":[0,0,0,0,0,0,0,0,0,0,0,0,0,0.000111,0.000753,0.003634,0.0219,0.182569,0.791033,0,0],"West Ham United":[0,0,0,0,0,0,0,0,0,0,0,0.000005,0.000377,0.00463,0.014703,0.037884,0.131558,0.617339,0.193504,0,0],"Wolverhampton Wanderers":[0,0,0,0,0,0,0,0,0,0,0,0,0,0,0,0,0,0,0,0.310759,0.689241]},"examples":{"AFC Bournemouth":{"3":[0,0,0,0,1,2,1,1,1,0,0,2,2,2,2,2,2,0,2,0,1,0,2,2,1,0,0,2,1,1,2,0,2,0,0,0,2,2,2,0,2,2],"4":[0,0,0,0,2,2,0,2,1,0,1,1,2,0,0,0,0,2,2,1,1,0,0,0,0,1,1,1,2,2,0,0,2,2,2,0,0,0,2,2,2,2],"5":[0,0,0,2,2,2,0,0,2,0,0,2,0,1,0,0,2,2,2,1,2,1,2,0,0,0,1,1,2,0,0,2,1,0,0,0,0,1,1,2,2,0],"6":[0,0,0,1,2,0,0,1,0,2,2,0,0,0,2,0,2,1,0,0,1,0,0,1,0,0,0,1,0,0,2,0,2,2,0,0,1,1,1,1,1,1],"7":[0,2,0,0,2,0,2,0,0,0,0,0,1,1,1,2,2,2,2,0,0,0,0,0,2,0,1,1,0,0,2,0,0,1,0,2,0,2,0,1,2,1],"8":[1,1,0,0,0,2,0,2,1,0,1,0,1,0,2,1,1,0,1,1,0,0,1,0,1,2,0,0,1,1,1,2,2,2,1,2,1,1,2,0,1,2],"9":[2,0,0,0,0,0,1,0,1,0,2,0,0,2,1,1,1,0,0,1,1,1,2,0,0,0,0,0,2,0,2,0,1,1,1,2,0,2,2,1,1,2],"10":[2,1,0,0,0,0,0,0,1,0,1,0,2,0,0,1,1,1,0,0,2,0,0,2,0,0,0,0,2,0,0,1,1,2,2,2,0,2,2,1,2,1],"11":[0,2,0,0,0,1,0,0,0,0,2,1,0,0,2,0,2,1,0,1,1,2,0,1,1,1,0,0,2,0,0,0,1,0,0,0,1,2,2,2,2,2],"12":[1,2,0,1,0,0,2,0,2,0,1,1,2,0,2,0,2,2,0,0,1,0,2,0,2,2,0,0,0,0,1,1,0,1,0,2,0,0,2,2,0,0],"13":[2,2,1,0,1,0,0,2,0,0,1,1,2,0,2,0,0,0,0,1,1,0,0,2,0,0,0,0,2,1,0,0,0,2,0,0,2,1,2,0,2,2],"14":[1,2,0,1,0,0,0,2,1,0,2,0,2,0,1,1,2,1,0,0,0,0,0,1,0,2,1,0,2,2,2,1,0,0,1,2,2,2,2,2,0,2],"15":[2,2,0,2,0,0,2,0,0,1,1,0,2,2,2,2,0,1,0,2,0,0,0,2,1,0,1,2,2,2,2,2,0,0,2,2,0,2,2,0,2,2],"16":[2,2,0,1,1,0,1,0,1,0,2,1,2,0,1,1,0,1,0,0,0,0,2,2,0,0,0,0,2,2,0,0,0,1,0,2,0,2,2,2,2,0]},"Arsenal":{"1":[2,0,0,0,0,0,1,0,1,0,2,0,0,2,1,1,1,0,0,1,1,1,2,0,0,0,0,0,2,0,2,0,1,1,1,2,0,2,2,1,1,2],"2":[0,0,0,1,2,0,0,1,0,2,2,0,0,0,2,0,2,1,0,0,1,0,0,1,0,0,0,1,0,0,2,0,2,2,0,0,1,1,1,1,1,1],"3":[0,0,2,2,1,0,0,0,2,0,2,2,1,0,0,1,2,2,0,1,0,0,2,0,0,0,0,0,0,0,2,2,2,2,0,2,1,1,0,1,1,0]},"Aston Villa":{"2":[0,0,0,0,0,0,0,0,0,0,2,2,2,1,0,1,0,0,0,0,2,1,0,2,2,2,2,1,1,0,2,0,2,2,2,1,2,2,1,0,2,1],"3":[0,2,0,1,1,2,0,0,0,1,2,0,1,2,2,2,0,1,2,0,2,0,1,2,2,0,0,1,2,2,1,0,0,1,2,1,0,0,0,1,2,1],"4":[2,0,0,0,0,0,1,0,1,0,2,0,0,2,1,1,1,0,0,1,1,1,2,0,0,0,0,0,2,0,2,0,1,1,1,2,0,2,2,1,1,2],"5":[0,0,0,1,2,0,0,1,0,2,2,0,0,0,2,0,2,1,0,0,1,0,0,1,0,0,0,1,0,0,2,0,2,2,0,0,1,1,1,1,1,1],"6":[1,2,0,0,1,1,0,0,0,0,0,0,0,2,1,0,2,1,2,0,2,1,0,1,0,0,0,2,2,1,2,0,2,1,0,2,2,2,1,1,1,2],"7":[0,0,0,2,2,2,0,0,2,0,0,2,0,1,0,0,2,2,2,1,2,1,2,0,0,0,1,1,2,0,0,2,1,0,0,0,0,1,1,2,2,0],"8":[2,2,0,1,2,2,0,0,0,1,1,1,0,1,2,2,0,0,2,1,2,2,2,1,0,2,0,2,2,0,2,1,0,0,0,1,2,2,1,2,1,2],"9":[1,1,0,1,2,2,0,0,2,0,0,2,0,0,0,1,0,2,0,0,2,0,2,1,0,0,1,2,2,0,2,0,0,0,2,2,1,1,2,0,2,0]},"Brentford":{"3":[0,2,0,0,1,0,0,0,0,0,1,0,1,0,2,2,2,0,0,0,2,0,2,0,0,2,0,2,1,0,2,0,0,0,2,1,1,2,1,2,1,1],"4":[1,0,0,2,2,2,0,0,1,0,2,0,0,0,0,2,1,1,0,2,2,0,2,1,1,2,0,2,0,0,2,1,1,0,2,1,0,1,2,1,1,2],"5":[0,1,1,0,2,0,1,0,1,0,1,2,0,0,2,1,2,0,2,1,2,0,2,0,0,2,0,2,2,1,2,0,2,2,0,0,2,0,0,1,2,2],"6":[0,2,0,1,1,1,0,0,1,0,2,2,1,2,2,0,1,0,1,1,0,1,0,0,1,2,0,1,2,1,1,0,1,0,0,0,1,1,0,2,0,1],"7":[2,0,0,0,0,0,1,0,1,0,2,0,0,2,1,1,1,0,0,1,1,1,2,0,0,0,0,0,2,0,2,0,1,1,1,2,0,2,2,1,1,2],"8":[2,2,1,2,1,0,1,0,0,1,2,1,0,0,2,1,2,0,2,1,1,0,0,0,0,2,0,1,0,0,2,1,1,2,2,1,1,0,0,1,2,2],"9":[2,1,0,0,0,0,0,0,1,0,1,0,2,0,0,1,1,1,0,0,2,0,0,2,0,0,0,0,2,0,0,1,1,2,2,2,0,2,2,1,2,1],"10":[0,2,0,1,1,0,0,0,0,0,2,1,0,0,2,1,1,0,0,0,2,0,0,0,0,1,0,0,0,0,2,2,2,2,2,2,1,1,1,1,2,2],"11":[0,0,0,1,2,0,0,1,0,2,2,0,0,0,2,0,2,1,0,0,1,0,0,1,0,0,0,1,0,0,2,0,2,2,0,0,1,1,1,1,1,1],"12":[2,1,0,1,2,0,1,2,1,1,2,2,1,1,2,2,1,2,2,2,0,0,0,2,1,0,1,0,1,1,2,2,1,0,1,2,2,1,2,0,2,0],"13":[2,1,1,0,0,2,1,2,0,0,0,1,2,2,2,2,2,0,2,0,0,0,0,0,0,0,0,1,0,2,0,0,0,1,2,0,2,1,2,2,0,2],"14":[1,2,0,0,2,0,2,2,0,0,2,0,0,1,2,0,0,1,2,2,0,0,1,1,1,0,0,0,2,0,0,1,1,0,2,2,2,2,0,2,2,2],"15":[0,2,1,0,2,1,2,2,2,1,2,2,0,1,2,0,0,0,1,2,1,1,0,2,0,0,0,0,2,1,1,0,1,1,0,2,2,2,1,2,2,0],"16":[0,1,0,0,2,2,2,2,1,0,1,2,2,0,2,1,0,1,0,2,0,2,0,1,0,0,2,0,0,1,1,0,0,0,1,0,0,2,1,2,2,2]},"Brighton & Hove Albion":{"3":[1,1,0,0,1,1,1,0,0,0,0,0,0,1,2,1,0,2,0,2,2,1,1,2,0,0,0,1,1,1,2,0,0,0,2,0,0,2,2,0,1,2],"4":[1,2,0,0,1,1,0,0,0,0,0,0,0,2,1,0,2,1,2,0,2,1,0,1,0,0,0,2,2,1,2,0,2,1,0,2,2,2,1,1,1,2],"5":[0,2,0,0,0,2,0,1,0,0,2,0,1,0,2,0,2,2,0,2,1,2,0,0,1,1,0,2,2,1,2,0,1,0,2,1,1,1,2,2,0,2],"6":[2,0,0,0,0,0,1,0,1,0,2,0,0,2,1,1,1,0,0,1,1,1,2,0,0,0,0,0,2,0,2,0,1,1,1,2,0,2,2,1,1,2],"7":[0,0,0,1,2,0,0,1,0,2,2,0,0,0,2,0,2,1,0,0,1,0,0,1,0,0,0,1,0,0,2,0,2,2,0,0,1,1,1,1,1,1],"8":[0,0,1,0,2,0,1,1,1,0,2,2,0,2,1,2,1,1,2,0,1,0,2,0,2,1,0,0,2,2,0,1,1,1,1,2,2,2,1,0,2,1],"9":[0,1,0,2,0,0,2,0,1,2,2,0,0,0,0,2,1,0,0,0,2,0,1,0,0,0,1,0,0,0,0,0,0,0,1,1,1,0,1,2,0,1],"10":[0,2,0,0,1,2,2,1,2,2,1,2,1,2,2,1,2,0,2,1,1,0,2,0,1,0,0,1,2,2,0,1,2,1,2,2,1,2,2,1,0,1],"11":[0,2,0,1,1,0,0,0,2,0,2,2,0,0,2,2,1,0,1,0,0,0,1,1,0,0,0,2,0,0,1,0,2,0,2,2,2,0,2,1,2,0],"12":[0,2,0,0,1,2,1,2,2,2,1,2,2,2,2,2,2,1,0,0,1,1,2,0,0,0,0,0,1,1,0,0,1,2,2,2,2,1,0,2,0,0],"13":[0,1,0,0,0,0,0,2,2,2,2,0,1,0,2,0,0,2,0,0,0,0,2,2,0,1,0,0,2,0,1,1,0,1,2,0,2,2,0,2,1,1],"14":[1,2,0,0,2,0,0,1,2,2,0,0,2,0,0,2,2,1,2,0,0,0,1,2,0,0,0,1,1,0,0,0,1,2,2,1,2,2,0,2,0,2],"15":[0,2,0,0,2,0,2,0,2,2,2,0,0,0,0,0,0,0,2,2,0,1,0,0,0,1,2,1,0,0,0,0,0,1,0,0,2,2,2,2,2,1]},"Burnley":{"19":[2,0,0,0,0,0,1,0,1,0,2,0,0,2,1,1,1,0,0,1,1,1,2,0,0,0,0,0,2,0,2,0,1,1,1,2,0,2,2,1,1,2],"20":[0,2,0,0,1,0,2,1,2,1,2,0,2,2,1,1,2,0,2,0,0,0,0,0,2,0,0,1,0,0,2,0,2,2,2,2,0,2,2,0,0,0]},"Chelsea":{"4":[0,1,0,2,1,1,1,1,0,1,0,0,0,0,1,2,2,2,2,1,1,1,2,2,0,1,0,0,0,0,2,1,2,1,2,2,2,2,1,0,2,0],"5":[1,2,1,2,1,2,0,1,0,0,1,0,0,0,2,0,0,2,2,2,1,2,0,2,0,0,0,0,0,0,0,1,1,1,2,1,1,1,2,2,2,0],"6":[0,2,0,1,1,0,0,0,2,0,2,2,0,0,2,2,1,0,1,0,0,0,1,1,0,0,0,2,0,0,1,0,2,0,2,2,2,0,2,1,2,0],"7":[0,1,0,2,0,0,2,0,1,2,2,0,0,0,0,2,1,0,0,0,2,0,1,0,0,0,1,0,0,0,0,0,0,0,1,1,1,0,1,2,0,1],"8":[2,1,0,0,0,0,0,0,1,0,1,0,2,0,0,1,1,1,0,0,2,0,0,2,0,0,0,0,2,0,0,1,1,2,2,2,0,2,2,1,2,1],"9":[0,0,0,1,2,0,0,1,0,2,2,0,0,0,2,0,2,1,0,0,1,0,0,1,0,0,0,1,0,0,2,0,2,2,0,0,1,1,1,1,1,1],"10":[1,2,0,0,1,1,0,0,0,0,0,0,0,2,1,0,2,1,2,0,2,1,0,1,0,0,0,2,2,1,2,0,2,1,0,2,2,2,1,1,1,2],"11":[2,0,0,0,0,0,1,0,1,0,2,0,0,2,1,1,1,0,0,1,1,1,2,0,0,0,0,0,2,0,2,0,1,1,1,2,0,2,2,1,1,2],"12":[0,2,0,1,1,1,0,0,1,0,2,2,1,2,2,0,1,0,1,1,0,1,0,0,1,2,0,1,2,1,1,0,1,0,0,0,1,1,0,2,0,1],"13":[0,2,0,0,2,0,2,0,0,0,0,0,1,1,1,2,2,2,2,0,0,0,0,0,2,0,1,1,0,0,2,0,0,1,0,2,0,2,0,1,2,1],"14":[2,2,0,0,1,2,0,0,0,0,2,2,2,1,1,0,0,0,1,1,2,1,0,0,0,2,0,1,2,1,1,0,2,2,1,2,2,2,1,1,2,2],"15":[2,1,1,0,2,0,2,2,1,0,2,2,2,2,2,1,2,1,0,0,0,0,0,0,0,1,1,0,2,0,0,0,1,1,0,2,1,2,0,2,1,2],"16":[2,1,0,2,0,2,0,0,2,1,2,0,2,2,0,1,2,0,1,2,1,0,0,0,0,0,0,2,2,1,1,0,0,0,0,2,0,2,0,2,2,2]},"Crystal Palace":{"5":[2,2,0,0,2,0,2,0,0,0,2,0,1,1,0,0,0,2,1,1,1,1,0,0,1,1,2,2,2,2,0,2,0,0,0,0,0,2,2,1,2,2],"6":[2,2,0,0,1,0,2,1,2,1,2,0,0,2,0,0,0,0,0,0,1,1,0,0,2,0,2,0,1,2,2,0,2,1,2,1,2,2,0,2,0,0],"7":[1,1,0,1,1,0,2,1,0,0,1,2,2,2,0,0,2,0,2,0,2,0,1,1,0,1,2,0,1,0,1,2,1,0,2,2,0,2,2,2,0,1],"8":[1,1,0,0,0,0,2,2,2,0,2,2,1,2,0,1,2,1,0,0,2,2,0,0,1,1,2,1,0,0,0,0,0,0,2,0,1,2,2,2,2,0],"9":[2,0,0,1,2,1,2,0,0,1,2,0,2,0,0,0,2,2,2,2,1,0,0,0,2,2,0,2,0,0,1,1,1,0,2,2,0,0,2,0,2,1],"10":[2,0,0,0,1,1,1,0,0,0,1,0,0,0,2,0,2,2,2,2,0,0,1,0,0,1,2,1,0,2,2,1,0,2,1,2,2,0,2,0,2,2],"11":[1,2,0,1,0,0,2,0,2,0,1,1,2,0,2,0,2,2,0,0,1,0,2,0,2,2,0,0,0,0,1,1,0,1,0,2,0,0,2,2,0,0],"12":[2,1,0,0,0,0,0,0,1,0,1,0,2,0,0,1,1,1,0,0,2,0,0,2,0,0,0,0,2,0,0,1,1,2,2,2,0,2,2,1,2,1],"13":[2,0,0,0,0,0,1,0,1,0,2,0,0,2,1,1,1,0,0,1,1,1,2,0,0,0,0,0,2,0,2,0,1,1,1,2,0,2,2,1,1,2],"14":[0,2,0,0,1,0,2,1,2,1,2,0,2,2,1,1,2,0,2,0,0,0,0,0,2,0,0,1,0,0,2,0,2,2,2,2,0,2,2,0,0,0],"15":[0,0,0,1,2,0,0,1,0,2,2,0,0,0,2,0,2,1,0,0,1,0,0,1,0,0,0,1,0,0,2,0,2,2,0,0,1,1,1,1,1,1],"16":[0,2,0,0,2,0,2,0,2,0,2,0,1,0,2,2,2,0,2,1,0,0,0,0,0,0,0,0,2,1,1,0,0,0,2,1,1,1,0,1,2,2],"17":[0,2,0,1,1,2,0,0,0,1,2,0,1,2,2,2,0,1,2,0,2,0,1,2,2,0,0,1,2,2,1,0,0,1,2,1,0,0,0,1,2,1],"18":[0,0,1,0,2,2,0,1,0,0,2,1,1,1,2,2,2,0,1,1,1,1,0,0,2,0,0,1,2,0,2,2,1,0,0,2,0,0,0,1,1,1]},"Everton":{"4":[0,1,0,0,2,1,0,1,0,1,0,0,2,1,2,2,0,0,2,0,0,0,0,2,0,0,0,2,2,1,0,1,1,0,1,0,2,2,0,0,2,2],"5":[0,0,0,1,0,1,1,0,0,0,1,0,0,2,1,2,0,0,1,2,1,1,2,1,0,1,0,0,0,0,0,1,2,0,0,2,2,0,2,2,2,0],"6":[2,1,1,0,0,2,1,2,0,0,0,1,2,2,2,2,2,0,2,0,0,0,0,0,0,0,0,1,0,2,0,0,0,1,2,0,2,1,2,2,0,2],"7":[0,0,1,0,2,0,1,1,1,0,2,2,0,2,1,2,1,1,2,0,1,0,2,0,2,1,0,0,2,2,0,1,1,1,1,2,2,2,1,0,2,1],"8":[0,2,0,0,1,0,2,1,2,1,2,0,2,2,1,1,2,0,2,0,0,0,0,0,2,0,0,1,0,0,2,0,2,2,2,2,0,2,2,0,0,0],"9":[2,1,0,1,2,0,1,2,1,1,2,2,1,1,2,2,1,2,2,2,0,0,0,2,1,0,1,0,1,1,2,2,1,0,1,2,2,1,2,0,2,0],"10":[2,0,0,0,0,0,1,0,1,0,2,0,0,2,1,1,1,0,0,1,1,1,2,0,0,0,0,0,2,0,2,0,1,1,1,2,0,2,2,1,1,2],"11":[2,1,0,0,0,0,0,0,1,0,1,0,2,0,0,1,1,1,0,0,2,0,0,2,0,0,0,0,2,0,0,1,1,2,2,2,0,2,2,1,2,1],"12":[0,0,0,1,2,0,0,1,0,2,2,0,0,0,2,0,2,1,0,0,1,0,0,1,0,0,0,1,0,0,2,0,2,2,0,0,1,1,1,1,1,1],"13":[0,1,0,0,1,2,0,1,2,0,2,2,0,1,1,0,2,1,0,0,0,0,0,1,1,0,0,2,1,1,2,0,0,0,0,2,1,2,0,2,2,2],"14":[1,0,1,0,0,0,2,0,1,0,2,2,1,1,1,0,2,1,0,2,1,1,2,0,1,0,1,0,1,2,2,1,0,2,2,2,0,0,2,2,1,2],"15":[0,1,0,1,0,0,0,1,2,1,1,2,0,2,1,0,2,2,1,1,1,2,0,0,0,1,0,1,0,0,1,0,1,2,0,2,0,2,0,2,1,0],"16":[1,2,0,0,2,2,2,0,1,1,2,1,2,1,2,0,2,2,2,2,1,0,0,0,2,2,0,2,0,1,2,0,0,0,1,1,1,1,2,2,2,1]},"Fulham":{"4":[0,2,0,2,1,1,2,0,1,0,0,2,2,0,2,2,1,2,0,0,0,0,2,1,0,2,1,2,0,1,1,0,1,2,2,0,2,0,2,0,2,2],"5":[0,0,0,2,2,1,0,0,2,1,0,1,0,0,0,2,2,0,0,0,2,0,0,0,0,0,0,0,1,1,2,1,1,1,0,2,2,2,1,0,2,1],"6":[2,1,0,0,0,0,0,0,1,0,1,0,2,0,0,1,1,1,0,0,2,0,0,2,0,0,0,0,2,0,0,1,1,2,2,2,0,2,2,1,2,1],"7":[0,2,0,1,1,0,0,0,0,0,2,1,0,0,2,1,1,0,0,0,2,0,0,0,0,1,0,0,0,0,2,2,2,2,2,2,1,1,1,1,2,2],"8":[2,0,0,0,0,0,1,0,1,0,2,0,0,2,1,1,1,0,0,1,1,1,2,0,0,0,0,0,2,0,2,0,1,1,1,2,0,2,2,1,1,2],"9":[2,2,1,2,1,0,1,0,0,1,2,1,0,0,2,1,2,0,2,1,1,0,0,0,0,2,0,1,0,0,2,1,1,2,2,1,1,0,0,1,2,2],"10":[0,2,0,0,1,0,2,1,2,1,2,0,2,2,1,1,2,0,2,0,0,0,0,0,2,0,0,1,0,0,2,0,2,2,2,2,0,2,2,0,0,0],"11":[1,1,0,0,0,2,0,2,1,0,1,0,1,0,2,1,1,0,1,1,0,0,1,0,1,2,0,0,1,1,1,2,2,2,1,2,1,1,2,0,1,2],"12":[0,1,1,0,2,0,1,0,1,0,1,2,0,0,2,1,2,0,2,1,2,0,2,0,0,2,0,2,2,1,2,0,2,2,0,0,2,0,0,1,2,2],"13":[2,2,2,0,2,0,1,0,2,2,2,2,0,0,2,0,1,0,2,2,0,2,2,2,1,1,1,0,2,1,2,2,0,0,1,2,1,2,2,0,0,1],"14":[0,2,0,0,2,1,1,0,1,0,0,0,1,1,0,1,2,0,2,2,2,0,0,0,2,0,0,0,1,0,1,0,1,1,0,0,1,2,0,1,0,2],"15":[2,1,0,1,0,0,1,0,1,0,2,0,1,0,0,2,1,2,2,2,0,0,0,2,0,0,0,0,2,0,2,1,1,2,0,2,1,2,2,1,0,2],"16":[2,0,0,0,0,1,1,2,2,0,2,1,1,1,2,1,0,1,2,2,0,0,1,0,0,0,1,1,0,2,2,0,0,0,1,0,0,2,0,0,0,2]},"Leeds United":{"6":[2,2,0,0,2,1,2,1,2,2,1,2,2,2,2,0,2,1,1,0,0,0,1,0,0,0,0,0,1,0,0,2,0,0,1,0,0,2,1,2,0,0],"7":[1,2,0,0,2,0,1,0,2,1,2,2,1,2,2,1,2,1,1,2,0,0,0,0,2,0,0,0,1,1,2,0,1,0,1,2,2,2,2,2,2,0],"8":[0,1,0,0,0,2,0,2,0,1,0,1,1,2,2,0,2,0,1,2,0,0,1,0,0,0,0,0,1,2,0,0,2,1,2,0,0,2,2,2,1,0],"9":[1,2,0,1,1,0,2,2,2,2,2,2,1,0,1,0,2,0,2,0,0,0,2,1,0,0,0,0,2,1,2,0,0,2,1,2,1,2,2,2,0,1],"10":[1,2,0,0,2,2,1,0,0,0,2,2,2,2,2,1,2,0,0,0,0,0,0,0,0,0,1,0,0,1,0,0,1,0,0,2,2,2,2,2,2,1],"11":[0,2,0,0,2,0,2,0,0,0,0,0,1,1,1,2,2,2,2,0,0,0,0,0,2,0,1,1,0,0,2,0,0,1,0,2,0,2,0,1,2,1],"12":[0,2,0,0,1,0,2,1,2,1,2,0,2,2,1,1,2,0,2,0,0,0,0,0,2,0,0,1,0,0,2,0,2,2,2,2,0,2,2,0,0,0],"13":[0,2,0,1,1,0,0,0,0,0,2,1,0,0,2,1,1,0,0,0,2,0,0,0,0,1,0,0,0,0,2,2,2,2,2,2,1,1,1,1,2,2],"14":[0,0,0,1,2,0,0,1,0,2,2,0,0,0,2,0,2,1,0,0,1,0,0,1,0,0,0,1,0,0,2,0,2,2,0,0,1,1,1,1,1,1],"15":[2,0,0,0,0,0,1,0,1,0,2,0,0,2,1,1,1,0,0,1,1,1,2,0,0,0,0,0,2,0,2,0,1,1,1,2,0,2,2,1,1,2],"16":[0,2,0,1,1,2,0,0,0,1,2,0,1,2,2,2,0,1,2,0,2,0,1,2,2,0,0,1,2,2,1,0,0,1,2,1,0,0,0,1,2,1],"17":[1,2,0,2,2,0,0,2,0,0,2,2,2,0,2,0,2,0,2,2,1,2,0,1,0,0,0,1,2,1,2,2,0,2,2,2,1,0,1,1,0,0],"18":[2,2,0,0,1,1,2,2,2,0,0,2,0,1,2,0,0,1,2,0,2,2,2,1,1,0,1,2,0,0,2,0,1,1,0,2,0,0,0,1,1,2]},"Liverpool":{"3":[0,0,0,1,2,0,0,1,0,2,2,0,0,0,2,0,2,1,0,0,1,0,0,1,0,0,0,1,0,0,2,0,2,2,0,0,1,1,1,1,1,1],"4":[1,1,0,0,0,2,0,2,1,0,1,0,1,0,2,1,1,0,1,1,0,0,1,0,1,2,0,0,1,1,1,2,2,2,1,2,1,1,2,0,1,2],"5":[2,0,0,0,0,0,1,0,1,0,2,0,0,2,1,1,1,0,0,1,1,1,2,0,0,0,0,0,2,0,2,0,1,1,1,2,0,2,2,1,1,2],"6":[0,2,0,0,0,1,0,1,0,0,2,0,1,1,2,2,2,0,2,0,2,0,1,0,2,0,0,2,0,1,2,0,0,1,0,2,2,2,2,2,1,0],"7":[0,0,0,0,0,0,1,2,0,0,1,2,0,0,1,1,0,1,2,2,2,2,2,2,1,1,0,0,0,1,1,0,1,0,0,2,0,2,2,2,0,2],"8":[0,2,0,0,0,0,0,0,0,0,2,0,0,0,2,2,2,2,0,0,2,0,2,2,0,1,0,2,0,0,0,1,2,2,1,2,1,1,2,1,1,2],"9":[1,0,0,2,1,0,0,0,1,0,1,0,0,0,2,2,0,0,2,2,2,1,2,2,2,0,0,2,0,0,2,2,1,1,2,2,2,0,0,2,1,2],"10":[0,2,0,2,0,2,2,0,0,0,2,1,0,1,2,2,0,0,2,1,0,0,2,2,0,2,0,2,0,0,2,0,2,1,2,0,2,2,2,2,1,1]},"Manchester City":{"1":[0,0,0,1,2,0,0,1,0,2,2,0,0,0,2,0,2,1,0,0,1,0,0,1,0,0,0,1,0,0,2,0,2,2,0,0,1,1,1,1,1,1],"2":[2,0,0,0,0,0,1,0,1,0,2,0,0,2,1,1,1,0,0,1,1,1,2,0,0,0,0,0,2,0,2,0,1,1,1,2,0,2,2,1,1,2],"3":[0,0,0,0,0,0,0,2,2,2,1,1,2,0,2,0,0,2,0,1,0,0,1,0,2,1,2,0,1,0,2,0,2,1,0,2,0,0,2,2,1,1],"4":[0,0,0,0,0,0,0,0,2,0,2,0,0,0,2,0,0,0,2,0,0,0,0,0,2,2,2,0,0,0,2,0,2,0,2,2,2,2,2,0,2,2]},"Manchester United":{"2":[0,0,0,0,0,0,0,2,2,2,1,1,2,0,2,0,0,2,0,1,0,0,1,0,2,1,2,0,1,0,2,0,2,1,0,2,0,0,2,2,1,1],"3":[2,0,0,0,0,0,1,0,1,0,2,0,0,2,1,1,1,0,0,1,1,1,2,0,0,0,0,0,2,0,2,0,1,1,1,2,0,2,2,1,1,2],"4":[0,0,0,1,2,0,0,1,0,2,2,0,0,0,2,0,2,1,0,0,1,0,0,1,0,0,0,1,0,0,2,0,2,2,0,0,1,1,1,1,1,1],"5":[1,2,0,0,1,1,0,0,0,0,0,0,0,2,1,0,2,1,2,0,2,1,0,1,0,0,0,2,2,1,2,0,2,1,0,2,2,2,1,1,1,2],"6":[0,2,0,2,1,0,0,1,0,0,0,1,1,0,2,2,2,1,0,2,2,0,2,0,0,1,0,1,1,1,2,0,1,0,0,0,1,2,0,0,1,2],"7":[0,1,1,0,2,0,1,0,1,0,1,2,0,0,2,1,2,0,2,1,2,0,2,0,0,2,0,2,2,1,2,0,2,2,0,0,2,0,0,1,2,2],"8":[0,1,0,0,0,0,0,0,0,0,2,1,1,1,2,1,2,0,2,2,2,1,1,1,2,0,0,2,2,2,1,1,2,0,0,0,1,2,2,2,2,0],"9":[0,1,0,2,2,0,0,1,0,1,2,2,1,0,2,2,1,2,2,1,2,2,2,1,2,0,0,2,2,2,1,2,2,1,0,0,2,2,2,0,1,2]},"Newcastle United":{"6":[1,1,0,0,2,0,2,0,2,1,2,0,2,1,1,2,2,2,0,2,0,0,1,0,0,1,0,0,1,0,0,0,1,2,1,1,0,2,2,0,1,1],"7":[0,2,0,1,0,1,2,1,2,0,1,1,1,0,1,0,2,1,1,2,2,1,2,0,0,0,0,1,0,0,0,0,1,2,0,0,2,0,2,1,1,1],"8":[2,2,0,0,2,0,2,0,0,1,2,0,0,0,1,2,1,0,2,2,0,2,0,0,0,2,0,0,2,2,0,0,2,2,0,1,2,2,1,0,2,2],"9":[2,2,0,0,2,1,0,2,1,1,2,2,1,1,1,2,2,0,2,1,0,1,0,0,0,0,0,1,2,2,0,0,2,2,0,2,1,2,2,2,0,1],"10":[0,1,0,1,1,1,2,0,2,1,2,0,0,2,2,0,2,0,1,0,0,0,0,1,0,2,0,2,1,0,0,0,2,2,1,2,1,0,1,2,2,0],"11":[0,2,0,0,1,2,1,2,2,2,1,2,2,2,2,2,2,1,0,0,1,1,2,0,0,0,0,0,1,1,0,0,1,2,2,2,2,1,0,2,0,0],"12":[0,0,2,0,1,0,0,2,1,1,1,2,1,1,1,0,2,0,0,0,2,2,0,0,0,0,0,1,2,2,0,0,0,2,0,2,2,0,2,2,2,2],"13":[0,0,0,1,2,0,0,1,0,2,2,0,0,0,2,0,2,1,0,0,1,0,0,1,0,0,0,1,0,0,2,0,2,2,0,0,1,1,1,1,1,1],"14":[2,0,0,0,0,0,1,0,1,0,2,0,0,2,1,1,1,0,0,1,1,1,2,0,0,0,0,0,2,0,2,0,1,1,1,2,0,2,2,1,1,2],"15":[0,2,0,0,2,0,2,0,2,0,2,0,1,0,2,2,2,0,2,1,0,0,0,0,0,0,0,0,2,1,1,0,0,0,2,1,1,1,0,1,2,2],"16":[0,2,1,0,0,0,0,2,1,0,1,1,1,0,2,0,1,0,1,2,1,0,0,0,0,0,0,2,0,0,2,2,1,0,2,2,2,2,1,0,2,0],"17":[2,1,0,1,2,1,0,1,0,0,1,1,2,0,2,0,1,1,0,1,1,0,2,0,0,1,0,1,2,1,1,2,1,0,2,2,2,2,0,1,0,2],"18":[1,2,0,0,0,0,0,2,0,2,2,0,2,2,2,0,2,2,2,0,0,1,1,1,0,0,0,2,0,2,2,2,2,0,0,2,0,0,1,2,2,2]},"Nottingham Forest":{"8":[1,0,0,1,0,1,1,1,2,0,1,0,2,2,1,1,2,0,2,2,2,0,0,0,0,0,1,0,0,2,1,1,0,0,1,2,0,2,2,2,0,0],"9":[1,2,0,0,2,0,1,2,0,0,2,0,2,1,0,2,2,2,0,0,0,1,0,1,0,0,0,0,0,2,2,0,0,0,2,1,0,2,2,0,2,0],"10":[2,1,0,0,1,0,1,0,0,0,2,1,2,0,2,0,2,0,0,0,2,0,0,1,0,0,0,1,0,2,0,0,0,0,1,1,0,0,2,1,2,0],"11":[1,2,0,2,0,0,0,0,0,0,2,0,2,2,1,1,1,1,2,2,2,1,0,0,0,0,0,0,1,2,2,2,0,0,1,2,0,1,0,0,0,2],"12":[0,2,1,0,0,0,0,1,2,2,2,0,2,0,2,0,2,1,2,0,0,1,0,1,0,1,0,0,2,0,0,1,0,0,1,0,0,1,2,2,1,1],"13":[0,2,0,1,1,2,0,0,0,1,2,0,1,2,2,2,0,1,2,0,2,0,1,2,2,0,0,1,2,2,1,0,0,1,2,1,0,0,0,1,2,1],"14":[0,2,0,0,2,0,2,0,2,0,2,0,1,0,2,2,2,0,2,1,0,0,0,0,0,0,0,0,2,1,1,0,0,0,2,1,1,1,0,1,2,2],"15":[0,0,2,0,1,0,0,2,1,1,1,2,1,1,1,0,2,0,0,0,2,2,0,0,0,0,0,1,2,2,0,0,0,2,0,2,2,0,2,2,2,2],"16":[2,0,0,0,0,0,1,0,1,0,2,0,0,2,1,1,1,0,0,1,1,1,2,0,0,0,0,0,2,0,2,0,1,1,1,2,0,2,2,1,1,2],"17":[0,0,0,1,2,0,0,1,0,2,2,0,0,0,2,0,2,1,0,0,1,0,0,1,0,0,0,1,0,0,2,0,2,2,0,0,1,1,1,1,1,1],"18":[1,0,0,1,1,2,2,2,2,1,2,2,1,2,0,1,2,0,2,0,1,2,0,0,2,0,0,1,0,0,2,2,2,2,0,2,1,2,2,2,2,2]},"Sunderland":{"5":[2,1,0,0,2,2,0,0,1,0,0,2,1,1,2,1,2,2,1,2,1,0,1,1,0,2,0,0,2,0,0,2,1,2,0,0,1,0,2,0,2,2],"6":[2,1,0,2,2,1,2,2,0,1,2,0,0,2,1,1,2,2,2,2,0,0,0,0,0,0,0,2,2,1,2,2,1,0,0,0,2,0,2,2,2,2],"7":[0,2,0,1,1,0,0,2,0,0,2,0,0,0,1,0,2,1,1,0,0,2,2,0,1,0,0,0,1,2,2,1,1,2,0,0,1,2,2,1,0,2],"8":[0,2,0,2,1,0,0,1,0,0,0,1,1,0,2,2,2,1,0,2,2,0,2,0,0,1,0,1,1,1,2,0,1,0,0,0,1,2,0,0,1,2],"9":[0,2,0,0,2,0,2,0,0,0,0,0,1,1,1,2,2,2,2,0,0,0,0,0,2,0,1,1,0,0,2,0,0,1,0,2,0,2,0,1,2,1],"10":[0,0,0,1,2,0,0,1,0,2,2,0,0,0,2,0,2,1,0,0,1,0,0,1,0,0,0,1,0,0,2,0,2,2,0,0,1,1,1,1,1,1],"11":[2,1,0,1,2,0,1,2,1,1,2,2,1,1,2,2,1,2,2,2,0,0,0,2,1,0,1,0,1,1,2,2,1,0,1,2,2,1,2,0,2,0],"12":[2,0,0,0,0,0,1,0,1,0,2,0,0,2,1,1,1,0,0,1,1,1,2,0,0,0,0,0,2,0,2,0,1,1,1,2,0,2,2,1,1,2],"13":[0,1,0,2,0,0,2,0,1,2,2,0,0,0,0,2,1,0,0,0,2,0,1,0,0,0,1,0,0,0,0,0,0,0,1,1,1,0,1,2,0,1],"14":[2,1,0,0,0,0,0,0,1,0,1,0,2,0,0,1,1,1,0,0,2,0,0,2,0,0,0,0,2,0,0,1,1,2,2,2,0,2,2,1,2,1],"15":[0,2,0,0,1,0,2,1,2,1,2,0,2,2,1,1,2,0,2,0,0,0,0,0,2,0,0,1,0,0,2,0,2,2,2,2,0,2,2,0,0,0],"16":[1,0,0,1,1,1,1,2,0,1,2,0,0,0,2,0,2,0,2,2,2,0,2,0,0,0,2,1,2,2,0,0,0,0,1,2,1,2,1,2,0,0],"17":[1,1,0,1,0,0,0,2,2,0,2,2,2,1,1,0,1,0,2,2,2,0,2,0,2,2,0,1,1,1,0,1,0,2,2,2,2,2,0,0,1,0]},"Tottenham Hotspur":{"13":[0,2,0,2,0,2,1,1,0,0,0,1,0,2,2,1,2,2,2,1,1,0,2,1,0,0,0,0,0,0,1,1,2,0,0,0,0,0,2,1,2,0],"14":[0,2,2,0,2,2,0,1,1,1,2,2,0,1,2,0,1,0,1,0,2,1,0,0,1,2,0,0,1,0,1,1,1,0,1,2,0,0,2,2,2,1],"15":[0,2,0,1,1,2,0,0,0,1,2,0,1,2,2,2,0,1,2,0,2,0,1,2,2,0,0,1,2,2,1,0,0,1,2,1,0,0,0,1,2,1],"16":[0,1,0,1,1,1,2,0,2,1,2,0,0,2,2,0,2,0,1,0,0,0,0,1,0,2,0,2,1,0,0,0,2,2,1,2,1,0,1,2,2,0],"17":[2,0,0,0,0,0,1,0,1,0,2,0,0,2,1,1,1,0,0,1,1,1,2,0,0,0,0,0,2,0,2,0,1,1,1,2,0,2,2,1,1,2],"18":[0,0,0,1,2,0,0,1,0,2,2,0,0,0,2,0,2,1,0,0,1,0,0,1,0,0,0,1,0,0,2,0,2,2,0,0,1,1,1,1,1,1]},"West Ham United":{"11":[0,1,0,0,0,0,0,2,0,2,1,0,2,0,2,1,2,2,2,2,1,0,1,0,0,0,0,1,2,0,1,2,0,1,2,0,0,2,0,0,0,1],"12":[0,1,1,2,1,0,0,2,0,0,1,1,1,1,2,2,2,0,1,0,0,1,0,1,2,0,0,1,1,0,2,2,0,0,2,2,2,0,0,0,2,0],"13":[0,0,0,0,2,0,1,0,1,0,1,2,0,1,2,2,2,0,1,1,2,1,1,0,0,1,0,2,2,1,1,2,1,0,0,0,2,1,0,0,1,1],"14":[0,2,1,0,0,0,0,2,1,0,1,1,1,0,2,0,1,0,1,2,1,0,0,0,0,0,0,2,0,0,2,2,1,0,2,2,2,2,1,0,2,0],"15":[0,1,0,1,0,1,2,0,2,0,1,1,0,0,0,1,1,1,2,2,1,1,2,1,0,0,0,0,1,0,2,0,1,1,1,0,1,0,0,0,0,2],"16":[0,0,0,1,2,0,0,1,0,2,2,0,0,0,2,0,2,1,0,0,1,0,0,1,0,0,0,1,0,0,2,0,2,2,0,0,1,1,1,1,1,1],"17":[2,1,0,0,0,0,0,0,1,0,1,0,2,0,0,1,1,1,0,0,2,0,0,2,0,0,0,0,2,0,0,1,1,2,2,2,0,2,2,1,2,1],"18":[2,0,0,0,0,0,1,0,1,0,2,0,0,2,1,1,1,0,0,1,1,1,2,0,0,0,0,0,2,0,2,0,1,1,1,2,0,2,2,1,1,2]},"Wolverhampton Wanderers":{"19":[0,2,0,0,1,0,2,1,2,1,2,0,2,2,1,1,2,0,2,0,0,0,0,0,2,0,0,1,0,0,2,0,2,2,2,2,0,2,2,0,0,0],"20":[2,0,0,0,0,0,1,0,1,0,2,0,0,2,1,1,1,0,0,1,1,1,2,0,0,0,0,0,2,0,2,0,1,1,1,2,0,2,2,1,1,2]}},"impossible":{"AFC Bournemouth":[false,true,true,false,false,false,false,false,false,false,false,false,false,false,false,false,false,true,true,true,true],"Arsenal":[false,false,false,false,true,true,true,true,true,true,true,true,true,true,true,true,true,true,true,true,true],"Aston Villa":[false,true,false,false,false,false,false,false,false,false,false,false,false,false,true,true,true,true,true,true,true],"Brentford":[false,true,true,false,false,false,false,false,false,false,false,false,false,false,false,false,false,false,true,true,true],"Brighton & Hove Albion":[false,true,true,false,false,false,false,false,false,false,false,false,false,false,false,false,false,true,true,true,true],"Burnley":[false,true,true,true,true,true,true,true,true,true,true,true,true,true,true,true,true,true,true,false,false],"Chelsea":[false,true,true,false,false,false,false,false,false,false,false,false,false,false,false,false,false,false,true,true,true],"Crystal Palace":[false,true,true,true,false,false,false,false,false,false,false,false,false,false,false,false,false,false,false,true,true],"Everton":[false,true,true,true,false,false,false,false,false,false,false,false,false,false,false,false,false,false,true,true,true],"Fulham":[false,true,true,false,false,false,false,false,false,false,false,false,false,false,false,false,false,false,true,true,true],"Leeds United":[false,true,true,true,true,true,false,false,false,false,false,false,false,false,false,false,false,false,false,true,true],"Liverpool":[false,true,true,false,false,false,false,false,false,false,false,false,false,false,true,true,true,true,true,true,true],"Manchester City":[false,false,false,false,false,true,true,true,true,true,true,true,true,true,true,true,true,true,true,true,true],"Manchester United":[false,false,false,false,false,false,false,false,false,false,false,false,false,false,true,true,true,true,true,true,true],"Newcastle United":[false,true,true,true,true,true,false,false,false,false,false,false,false,false,false,false,false,false,false,true,true],"Nottingham Forest":[false,true,true,true,true,true,false,true,false,false,false,false,false,false,false,false,false,false,false,true,true],"Sunderland":[false,true,true,true,false,false,false,false,false,false,false,false,false,false,false,false,false,false,false,true,true],"Tottenham Hotspur":[false,true,true,true,true,true,true,true,true,true,true,true,false,false,false,false,false,false,false,true,true],"West Ham United":[false,true,true,true,true,true,true,true,false,false,false,false,false,false,false,false,false,false,false,true,true],"Wolverhampton Wanderers":[false,true,true,true,true,true,true,true,true,true,true,true,true,true,true,true,true,true,true,false,false]},"ilpTimeouts":{"AFC Bournemouth":{},"Arsenal":{},"Aston Villa":{"10":true,"11":true,"12":true,"13":true},"Brentford":{},"Brighton & Hove Albion":{"16":true},"Burnley":{},"Chelsea":{"3":true,"17":true},"Crystal Palace":{"4":true},"Everton":{"17":true},"Fulham":{"17":true},"Leeds United":{},"Liverpool":{"11":true,"12":true,"13":true},"Manchester City":{},"Manchester United":{"10":true,"11":true,"12":true,"13":true},"Newcastle United":{},"Nottingham Forest":{"6":true},"Sunderland":{"4":true,"18":true},"Tottenham Hotspur":{"12":true},"West Ham United":{"8":true,"9":true,"10":true},"Wolverhampton Wanderers":{}}},{"tier":2,"division":"EFL Championship","teams":["Birmingham City","Blackburn Rovers","Bristol City","Charlton Athletic","Coventry City","Derby County","Hull City","Ipswich Town","Leicester City","Middlesbrough","Millwall","Norwich City","Oxford United","Portsmouth","Preston North End","Queens Park Rangers","Sheffield United","Sheffield Wednesday","Southampton","Stoke City","Swansea City","Watford","West Bromwich Albion","Wrexham"],"basePoints":[63,52,59,53,92,69,70,80,43,79,80,65,47,54,60,58,57,-3,76,55,61,57,53,70],"fixtures":[[1,8,0.5306445737966983,0.26934767882586286,0.20000774737743898],[2,19,0.5163043271586718,0.2728115634759139,0.2108841093654144],[5,16,0.49456476533298516,0.27755651890767674,0.22787871575933807],[6,11,0.29947765307101193,0.2899213382315611,0.410601008697427],[7,15,0.686273703954712,0.21509824546661885,0.09862805057866922],[10,12,0.6438037904095593,0.23291933360472342,0.12327687598571739],[13,0,0.3649890675573213,0.292376939630271,0.3426339928124077],[14,18,0.1865881552399057,0.26457638641075565,0.5488354583493387],[17,22,0.12275362908960535,0.2325801252667953,0.6446662456435993],[18,7,0.4200652588522914,0.2890205842918712,0.2909141568558375],[20,3,0.5347154862679622,0.26831643301323477,0.1969680807188031],[21,4,0.13156849551361158,0.23809494126925818,0.6303365632171303],[23,9,0.45161209171178257,0.2850953087682715,0.26329259951994594]],"posProbs":{"Birmingham City":[0,0,0,0,0,0,0,0,0,0.152124,0.558392,0.271234,0.01825,0,0,0,0,0,0,0,0,0,0,0,0],"Blackburn Rovers":[0,0,0,0,0,0,0,0,0,0,0,0,0,0,0,0,0,0.02104,0.114407,0.220323,0.230728,0.413502,0,0,0],"Bristol City":[0,0,0,0,0,0,0,0,0,0,0,0.139153,0.372713,0.335265,0.127784,0.023567,0.001518,0,0,0,0,0,0,0,0],"Charlton Athletic":[0,0,0,0,0,0,0,0,0,0,0,0,0,0,0,0,0,0.057246,0.090595,0.10448,0.321683,0.425996,0,0,0],"Coventry City":[0,1,0,0,0,0,0,0,0,0,0,0,0,0,0,0,0,0,0,0,0,0,0,0,0],"Derby County":[0,0,0,0,0,0,0.199225,0.311746,0.489029,0,0,0,0,0,0,0,0,0,0,0,0,0,0,0,0],"Hull City":[0,0,0,0,0,0,0.313127,0.373133,0.31374,0,0,0,0,0,0,0,0,0,0,0,0,0,0,0,0],"Ipswich Town":[0,0,0.708544,0.200082,0.070595,0.020779,0,0,0,0,0,0,0,0,0,0,0,0,0,0,0,0,0,0,0],"Leicester City":[0,0,0,0,0,0,0,0,0,0,0,0,0,0,0,0,0,0,0,0,0,0,0,1,0],"Middlesbrough":[0,0,0.014729,0.111758,0.485512,0.388001,0,0,0,0,0,0,0,0,0,0,0,0,0,0,0,0,0,0,0],"Millwall":[0,0,0.254118,0.582,0.133987,0.029895,0,0,0,0,0,0,0,0,0,0,0,0,0,0,0,0,0,0,0],"Norwich City":[0,0,0,0,0,0,0,0,0,0.847876,0.152124,0,0,0,0,0,0,0,0,0,0,0,0,0,0],"Oxford United":[0,0,0,0,0,0,0,0,0,0,0,0,0,0,0,0,0,0,0,0,0,0,1,0,0],"Portsmouth":[0,0,0,0,0,0,0,0,0,0,0,0,0,0,0,0.029993,0.109884,0.201241,0.15203,0.247284,0.205014,0.054554,0,0,0],"Preston North End":[0,0,0,0,0,0,0,0,0,0,0.015781,0.101438,0.351027,0.427086,0.094439,0.009842,0.000387,0,0,0,0,0,0,0,0],"Queens Park Rangers":[0,0,0,0,0,0,0,0,0,0,0,0.003402,0.034008,0.061608,0.449728,0.345952,0.096347,0.008955,0,0,0,0,0,0,0],"Sheffield United":[0,0,0,0,0,0,0,0,0,0,0,0,0.021125,0.081651,0.175957,0.267283,0.315517,0.12349,0.014977,0,0,0,0,0,0],"Sheffield Wednesday":[0,0,0,0,0,0,0,0,0,0,0,0,0,0,0,0,0,0,0,0,0,0,0,0,1],"Southampton":[0,0,0.022609,0.10616,0.309906,0.561325,0,0,0,0,0,0,0,0,0,0,0,0,0,0,0,0,0,0,0],"Stoke City":[0,0,0,0,0,0,0,0,0,0,0,0,0,0,0.039065,0.089875,0.066595,0.177581,0.303649,0.232574,0.080935,0.009726,0,0,0],"Swansea City":[0,0,0,0,0,0,0,0,0,0,0.273703,0.484773,0.191037,0.048676,0.001811,0,0,0,0,0,0,0,0,0,0],"Watford":[0,0,0,0,0,0,0,0,0,0,0,0,0.01184,0.045714,0.111216,0.233488,0.409752,0.167527,0.020463,0,0,0,0,0,0],"West Bromwich Albion":[0,0,0,0,0,0,0,0,0,0,0,0,0,0,0,0,0,0.24292,0.303879,0.195339,0.16164,0.096222,0,0,0],"Wrexham":[0,0,0,0,0,0,0.487648,0.315121,0.197231,0,0,0,0,0,0,0,0,0,0,0,0,0,0,0,0]},"examples":{"Birmingham City":{"9":[0,0,1,0,0,0,2,2,1,0,0,2,1],"10":[0,1,0,1,0,2,1,2,1,1,1,2,2],"11":[0,1,1,1,1,2,1,0,0,0,0,2,0],"12":[0,0,1,2,2,0,0,0,1,1,0,2,2]},"Blackburn Rovers":{"17":[0,0,1,0,0,0,2,2,1,0,0,2,1],"18":[0,1,1,1,1,2,1,0,0,0,0,2,0],"19":[0,1,0,1,0,2,1,2,1,1,1,2,2],"20":[0,2,0,2,0,0,0,1,2,0,0,2,2],"21":[1,2,0,1,0,0,0,2,2,0,1,2,2]},"Bristol City":{"11":[0,0,2,0,0,1,1,2,1,2,2,2,0],"12":[0,1,0,1,0,2,1,2,1,1,1,2,2],"13":[1,2,0,1,0,0,0,2,2,0,1,2,2],"14":[0,1,2,0,0,0,0,0,2,0,0,1,0],"15":[2,2,2,2,2,0,0,2,2,1,0,2,1],"16":[2,2,2,2,1,0,1,2,2,0,2,0,0]},"Charlton Athletic":{"17":[0,0,2,0,0,1,1,2,1,2,2,2,0],"18":[1,1,1,1,0,1,1,2,1,0,2,2,2],"19":[2,0,0,1,1,0,0,2,2,0,2,0,2],"20":[0,1,0,1,0,2,1,2,1,1,1,2,2],"21":[0,0,1,0,0,0,2,2,1,0,0,2,1]},"Coventry City":{"1":[0,1,0,1,0,2,1,2,1,1,1,2,2]},"Derby County":{"6":[0,1,0,1,0,2,1,2,1,1,1,2,2],"7":[0,0,0,2,0,2,2,2,0,0,0,2,0],"8":[0,0,1,0,0,0,2,2,1,0,0,2,1]},"Hull City":{"6":[0,0,1,0,0,0,2,2,1,0,0,2,1],"7":[0,1,0,1,0,2,1,2,1,1,1,2,2],"8":[0,0,0,2,0,2,2,2,0,0,0,2,0]},"Ipswich Town":{"2":[0,1,0,1,0,2,1,2,1,1,1,2,2],"3":[1,2,0,1,0,0,0,2,2,0,1,2,2],"4":[2,1,1,1,2,0,2,2,2,1,0,2,2],"5":[2,0,0,1,1,0,0,2,2,0,2,0,2]},"Leicester City":{"23":[0,1,0,1,0,2,1,2,1,1,1,2,2]},"Middlesbrough":{"2":[1,0,0,2,2,1,0,2,2,1,1,2,2],"3":[0,1,0,1,0,2,1,2,1,1,1,2,2],"4":[1,2,0,1,0,0,0,2,2,0,1,2,2],"5":[0,0,1,0,0,0,2,2,1,0,0,2,1]},"Millwall":{"2":[1,2,0,1,0,0,0,2,2,0,1,2,2],"3":[0,0,1,0,0,0,2,2,1,0,0,2,1],"4":[0,0,0,2,0,2,2,2,0,0,0,2,0],"5":[0,1,0,1,0,2,1,2,1,1,1,2,2]},"Norwich City":{"9":[0,1,0,1,0,2,1,2,1,1,1,2,2],"10":[0,0,1,0,0,0,2,2,1,0,0,2,1]},"Oxford United":{"22":[0,1,0,1,0,2,1,2,1,1,1,2,2]},"Portsmouth":{"15":[1,0,0,0,0,0,0,1,2,2,0,2,2],"16":[2,0,0,1,1,0,0,2,2,0,2,0,2],"17":[0,2,0,2,0,0,0,1,2,0,0,2,2],"18":[0,1,0,1,0,2,1,2,1,1,1,2,2],"19":[0,0,1,0,0,0,2,2,1,0,0,2,1],"20":[0,0,2,0,0,1,1,2,1,2,2,2,0],"21":[0,0,2,1,0,0,2,1,2,2,1,0,1]},"Preston North End":{"10":[1,0,0,2,0,0,0,0,2,0,1,1,0],"11":[0,0,1,2,2,0,0,0,1,1,0,2,2],"12":[1,2,0,1,0,0,0,2,2,0,1,2,2],"13":[0,1,0,1,0,2,1,2,1,1,1,2,2],"14":[2,1,1,1,2,0,2,2,2,1,0,2,2],"15":[1,0,2,1,0,0,2,2,2,0,0,0,0],"16":[2,0,2,2,2,0,1,2,2,0,2,0,1]},"Queens Park Rangers":{"11":[2,1,2,1,2,0,1,2,0,1,2,2,1],"12":[2,1,1,1,2,0,2,2,2,1,0,2,2],"13":[0,2,1,2,1,1,0,2,2,2,2,2,0],"14":[0,1,0,1,0,2,1,2,1,1,1,2,2],"15":[0,0,1,0,0,0,2,2,1,0,0,2,1],"16":[0,2,0,2,0,1,2,2,0,2,0,1,2],"17":[0,2,1,2,0,0,1,0,0,0,0,0,0]},"Sheffield United":{"12":[0,2,2,2,0,2,0,2,2,2,0,1,0],"13":[0,1,2,0,0,0,0,0,2,0,0,1,0],"14":[0,0,1,0,0,0,2,2,1,0,0,2,1],"15":[0,1,1,1,1,2,1,0,0,0,0,2,0],"16":[0,1,0,1,0,2,1,2,1,1,1,2,2],"17":[0,2,0,2,0,1,2,2,0,2,0,1,2],"18":[0,2,0,2,0,0,0,1,2,0,0,2,2]},"Sheffield Wednesday":{"24":[0,1,0,1,0,2,1,2,1,1,1,2,2]},"Southampton":{"2":[0,0,1,1,2,2,0,2,2,0,1,2,0],"3":[0,0,0,2,0,2,2,2,0,0,0,2,0],"4":[0,1,0,1,0,2,1,2,1,1,1,2,2],"5":[1,2,0,1,0,0,0,2,2,0,1,2,2]},"Stoke City":{"14":[1,2,0,1,0,0,0,2,2,0,1,2,2],"15":[0,2,0,2,0,1,2,2,0,2,0,1,2],"16":[2,2,1,1,0,0,2,2,2,0,2,2,1],"17":[0,1,0,1,0,2,1,2,1,1,1,2,2],"18":[0,0,1,0,0,0,2,2,1,0,0,2,1],"19":[0,1,0,0,1,1,0,2,2,1,0,2,0],"20":[2,0,0,1,1,0,0,2,2,0,2,0,2],"21":[0,0,2,0,1,0,0,1,2,2,2,2,2]},"Swansea City":{"10":[0,1,1,1,1,2,1,0,0,0,0,2,0],"11":[0,1,0,1,0,2,1,2,1,1,1,2,2],"12":[0,0,2,0,0,1,1,2,1,2,2,2,0],"13":[2,0,0,0,1,0,1,0,2,0,2,1,0],"14":[0,0,1,0,2,0,0,1,2,2,2,1,1]},"Watford":{"12":[0,1,0,2,0,0,0,2,2,0,0,0,2],"13":[1,2,1,0,0,2,2,1,2,0,0,0,2],"14":[0,2,0,2,0,1,2,2,0,2,0,1,2],"15":[0,1,0,1,0,2,1,2,1,1,1,2,2],"16":[0,0,1,0,0,0,2,2,1,0,0,2,1],"17":[1,2,0,1,0,0,0,2,2,0,1,2,2],"18":[0,2,1,2,1,1,0,2,2,2,2,2,0]},"West Bromwich Albion":{"17":[2,1,1,1,2,0,2,2,2,1,0,2,2],"18":[2,0,0,1,1,0,0,2,2,0,2,0,2],"19":[1,2,0,1,0,0,0,2,2,0,1,2,2],"20":[0,0,1,0,0,0,2,2,1,0,0,2,1],"21":[0,1,0,1,0,2,1,2,1,1,1,2,2]},"Wrexham":{"6":[0,0,2,0,0,1,1,2,1,2,2,2,0],"7":[0,0,1,0,0,0,2,2,1,0,0,2,1],"8":[0,1,0,1,0,2,1,2,1,1,1,2,2]}},"impossible":{"Birmingham City":[false,true,true,true,true,true,true,true,true,false,false,false,false,true,true,true,true,true,true,true,true,true,true,true,true],"Blackburn Rovers":[false,true,true,true,true,true,true,true,true,true,true,true,true,true,true,true,true,false,false,false,false,false,true,true,true],"Bristol City":[false,true,true,true,true,true,true,true,true,true,true,false,false,false,false,false,false,true,true,true,true,true,true,true,true],"Charlton Athletic":[false,true,true,true,true,true,true,true,true,true,true,true,true,true,true,true,true,false,false,false,false,false,true,true,true],"Coventry City":[false,false,true,true,true,true,true,true,true,true,true,true,true,true,true,true,true,true,true,true,true,true,true,true,true],"Derby County":[false,true,true,true,true,true,false,false,false,true,true,true,true,true,true,true,true,true,true,true,true,true,true,true,true],"Hull City":[false,true,true,true,true,true,false,false,false,true,true,true,true,true,true,true,true,true,true,true,true,true,true,true,true],"Ipswich Town":[false,true,false,false,false,false,true,true,true,true,true,true,true,true,true,true,true,true,true,true,true,true,true,true,true],"Leicester City":[false,true,true,true,true,true,true,true,true,true,true,true,true,true,true,true,true,true,true,true,true,true,true,false,true],"Middlesbrough":[false,true,false,false,false,false,true,true,true,true,true,true,true,true,true,true,true,true,true,true,true,true,true,true,true],"Millwall":[false,true,false,false,false,false,true,true,true,true,true,true,true,true,true,true,true,true,true,true,true,true,true,true,true],"Norwich City":[false,true,true,true,true,true,true,true,true,false,false,true,true,true,true,true,true,true,true,true,true,true,true,true,true],"Oxford United":[false,true,true,true,true,true,true,true,true,true,true,true,true,true,true,true,true,true,true,true,true,true,false,true,true],"Portsmouth":[false,true,true,true,true,true,true,true,true,true,true,true,true,true,true,false,false,false,false,false,false,false,true,true,true],"Preston North End":[false,true,true,true,true,true,true,true,true,true,false,false,false,false,false,false,false,true,true,true,true,true,true,true,true],"Queens Park Rangers":[false,true,true,true,true,true,true,true,true,true,true,false,false,false,false,false,false,false,true,true,true,true,true,true,true],"Sheffield United":[false,true,true,true,true,true,true,true,true,true,true,true,false,false,false,false,false,false,false,true,true,true,true,true,true],"Sheffield Wednesday":[false,true,true,true,true,true,true,true,true,true,true,true,true,true,true,true,true,true,true,true,true,true,true,true,false],"Southampton":[false,true,false,false,false,false,true,true,true,true,true,true,true,true,true,true,true,true,true,true,true,true,true,true,true],"Stoke City":[false,true,true,true,true,true,true,true,true,true,true,true,true,true,false,false,false,false,false,false,false,false,true,true,true],"Swansea City":[false,true,true,true,true,true,true,true,true,true,false,false,false,false,false,true,true,true,true,true,true,true,true,true,true],"Watford":[false,true,true,true,true,true,true,true,true,true,true,true,false,false,false,false,false,false,false,true,true,true,true,true,true],"West Bromwich Albion":[false,true,true,true,true,true,true,true,true,true,true,true,true,true,true,true,true,false,false,false,false,false,true,true,true],"Wrexham":[false,true,true,true,true,true,false,false,false,true,true,true,true,true,true,true,true,true,true,true,true,true,true,true,true]},"ilpTimeouts":{"Birmingham City":{},"Blackburn Rovers":{},"Bristol City":{},"Charlton Athletic":{},"Coventry City":{},"Derby County":{},"Hull City":{},"Ipswich Town":{},"Leicester City":{},"Middlesbrough":{},"Millwall":{},"Norwich City":{},"Oxford United":{},"Portsmouth":{},"Preston North End":{},"Queens Park Rangers":{},"Sheffield United":{},"Sheffield Wednesday":{},"Southampton":{},"Stoke City":{},"Swansea City":{},"Watford":{},"West Bromwich Albion":{},"Wrexham":{}}},{"tier":3,"division":"EFL League One","teams":["AFC Wimbledon","Barnsley","Blackpool","Bolton Wanderers","Bradford City","Burton Albion","Cardiff City","Doncaster Rovers","Exeter City","Huddersfield Town","Leyton Orient","Lincoln City","Luton Town","Mansfield Town","Northampton Town","Peterborough United","Plymouth Argyle","Port Vale","Reading","Rotherham United","Stevenage","Stockport County","Wigan Athletic","Wycombe Wanderers"],"basePoints":[53,56,57,75,74,53,91,57,49,64,51,100,71,61,35,52,70,39,63,41,72,74,56,60],"fixtures":[[0,9,0.3052304712960173,0.29044649964315233,0.40432302906083034],[1,21,0.2615230369348937,0.2847881802066948,0.45368878285841147],[3,12,0.38042706409523336,0.291904584123015,0.32766835178175174],[8,4,0.3110292757043555,0.2909122629550836,0.39805846134056094],[10,5,0.37011799576205856,0.2922619054103968,0.3376200988275447],[13,6,0.26062915848401297,0.28463038576596067,0.45474045575002636],[14,1,0.22789992448990948,0.2775619570045024,0.4945381185055881],[14,16,0.10321848151785715,0.21872552888848804,0.6780559895936548],[15,7,0.3217741063183494,0.29161046298394994,0.3866154306977007],[15,13,0.2687311705102506,0.2859960621468418,0.4452727673429077],[17,11,0.07529719063088754,0.1939392815453758,0.7307635278237367],[18,2,0.3907962545270345,0.2913784322842378,0.31782531318872764],[20,22,0.5397863335815448,0.26700238727893294,0.1932112791395222],[21,17,0