{"generated_at":"2026-04-20T04:19:10.601Z","sims":1000000,"season":"2025/2026","last_result_date":"2026-04-19","tiers":[{"tier":1,"division":"Premier League","teams":["AFC Bournemouth","Arsenal","Aston Villa","Brentford","Brighton & Hove Albion","Burnley","Chelsea","Crystal Palace","Everton","Fulham","Leeds United","Liverpool","Manchester City","Manchester United","Newcastle United","Nottingham Forest","Sunderland","Tottenham Hotspur","West Ham United","Wolverhampton Wanderers"],"basePoints":[48,70,58,48,47,20,48,42,47,45,39,55,67,58,42,36,46,31,32,17],"fixtures":[[0,7,0.5508681746152143,0.264017182535064,0.18511464284972165],[0,10,0.5111510561954509,0.2739917726489817,0.21485717115556732],[0,12,0.2561839667329272,0.28381899348751183,0.4599970397795609],[1,5,0.8098187121561524,0.14969845469509402,0.040482833148753616],[1,9,0.6357747680817176,0.2360323594508901,0.12819287246739233],[1,14,0.662089917147344,0.22552657982490376,0.11238350302775228],[2,11,0.4106278246410216,0.2899189706015388,0.29945320475743964],[2,17,0.7014265587452191,0.20818189889544123,0.09039154235933967],[3,7,0.5039114356618896,0.27559175717487083,0.22049680716323963],[3,18,0.5508681746152143,0.264017182535064,0.18511464284972165],[4,6,0.44109096646481644,0.28655973913172417,0.27234929440345945],[4,13,0.32769369719440955,0.2919057150967504,0.38040058770884005],[4,19,0.6239804915647889,0.24045871477242056,0.13556079366279067],[5,2,0.11645223878457779,0.22837107795300762,0.6551766832624145],[5,12,0.05468346344514999,0.17021409613675598,0.7751024404180941],[5,19,0.32769369719440944,0.2919057150967504,0.3804005877088401],[6,15,0.4547673815130948,0.28462632587291853,0.26060629261398666],[6,17,0.6221457894989567,0.24113162667723348,0.13672258382380983],[7,1,0.18952109210777285,0.26566819185520135,0.5448107160370259],[7,8,0.3588591212133845,0.292458837180745,0.3486820416058705],[7,18,0.4600239488801172,0.2838147428608006,0.25616130825908223],[8,12,0.18878497808795736,0.2653968069577685,0.5458182149542741],[8,16,0.4799534862473375,0.2803979991161076,0.23964851463655493],[9,0,0.29377249264733396,0.289337275625015,0.4168902317276511],[9,2,0.2966190131720217,0.289636636416203,0.41374435041177526],[9,14,0.4431953327426237,0.2862791294172277,0.27052553784014854],[10,4,0.3835319567608583,0.29176441076341053,0.3247036324757312],[10,5,0.6722497835877317,0.22123632245348454,0.10651389395878391],[11,3,0.45792171765008444,0.2841438435238542,0.2579344388260614],[11,6,0.5101185623458441,0.2742241106509838,0.21565732700317222],[11,7,0.5488611752983672,0.26456934423288453,0.18656948046874827],[12,2,0.5775852298134633,0.256183903298444,0.16623086688809288],[12,3,0.6184605304351254,0.24247055035036366,0.1390689192145111],[12,7,0.6943179443141482,0.2114634917604711,0.09421856392538079],[13,3,0.4747179580831941,0.28134724741644684,0.243934794500359],[13,11,0.4284693900866082,0.2881123076222588,0.2834183022911329],[13,15,0.5677755825383687,0.25916417713752443,0.17306024032410688],[14,4,0.33066828494630707,0.292030560822955,0.37730115423073796],[14,18,0.44635187306291657,0.2858466594548464,0.2678014674822371],[15,0,0.2751198715750476,0.28697245939553356,0.4379076690294189],[15,14,0.4221651624157012,0.2888031338747613,0.2890317037095376],[16,6,0.35784022436566265,0.29246652641758003,0.3496932492167573],[16,13,0.25265718921440783,0.28314322213328585,0.46419958865230637],[16,15,0.4001717498170069,0.2907616909842845,0.3090665591987085],[17,8,0.2038696975377562,0.27061753773781333,0.5255127647244305],[17,10,0.21328276371433585,0.27352940407829995,0.5131878322073642],[18,1,0.15765923807656246,0.252190622135527,0.5901501397879106],[18,8,0.3129721334768148,0.29105423977973627,0.395973626743449],[18,10,0.32472889337979555,0.291765671308746,0.3835054353114586],[19,9,0.2535364136895367,0.28331436970565566,0.4631492166048077],[19,16,0.28158244554238837,0.2878724381413062,0.4305451163163055],[19,17,0.43898668772067756,0.28683415238904647,0.274179159890276]],"posProbs":{"AFC Bournemouth":[0,0,0,0.000068,0.001883,0.037689,0.264371,0.208278,0.160251,0.121076,0.088303,0.059536,0.03518,0.016668,0.005521,0.001165,0.000011,0,0,0,0],"Arsenal":[0,0.640846,0.359081,0.000073,0,0,0,0,0,0,0,0,0,0,0,0,0,0,0,0,0],"Aston Villa":[0,0,0.001074,0.441168,0.405204,0.14698,0.005139,0.000409,0.000026,0,0,0,0,0,0,0,0,0,0,0,0],"Brentford":[0,0,0,0.000043,0.00105,0.018762,0.115359,0.150717,0.168112,0.167718,0.150392,0.111948,0.070221,0.033945,0.010181,0.001545,0.000007,0,0,0,0],"Brighton & Hove Albion":[0,0,0,0.000018,0.000723,0.017455,0.156,0.164133,0.159633,0.15177,0.135337,0.101426,0.065665,0.031866,0.012494,0.003436,0.000044,0,0,0,0],"Burnley":[0,0,0,0,0,0,0,0,0,0,0,0,0,0,0,0,0,0.000002,0.000099,0.508044,0.491855],"Chelsea":[0,0,0,0.000047,0.001362,0.032605,0.179867,0.177901,0.162686,0.145318,0.12345,0.092688,0.056441,0.021446,0.005447,0.000731,0.000011,0,0,0,0],"Crystal Palace":[0,0,0,0,0.000008,0.000626,0.007303,0.01402,0.022547,0.033985,0.052709,0.082911,0.133204,0.230259,0.224481,0.171078,0.025279,0.001587,0.000003,0,0],"Everton":[0,0,0,0.000003,0.000294,0.010898,0.115861,0.145766,0.156464,0.156286,0.144062,0.119116,0.086188,0.045614,0.016173,0.003235,0.00004,0,0,0,0],"Fulham":[0,0,0,0,0.000007,0.000678,0.01907,0.036263,0.057095,0.082836,0.11916,0.171647,0.209803,0.159428,0.100027,0.041944,0.002034,0.000008,0,0,0],"Leeds United":[0,0,0,0,0,0,0.000101,0.000725,0.002657,0.00608,0.014038,0.032458,0.069019,0.154677,0.258433,0.369177,0.081855,0.010344,0.000436,0,0],"Liverpool":[0,0,0.000008,0.102527,0.205577,0.579617,0.078727,0.022783,0.00783,0.002362,0.000505,0.000062,0.000002,0,0,0,0,0,0,0,0],"Manchester City":[0,0.359154,0.639261,0.001519,0.000066,0,0,0,0,0,0,0,0,0,0,0,0,0,0,0,0],"Manchester United":[0,0,0.000576,0.454534,0.383759,0.151554,0.008329,0.001103,0.000133,0.000012,0,0,0,0,0,0,0,0,0,0,0],"Newcastle United":[0,0,0,0,0,0.000005,0.000663,0.002643,0.006452,0.013489,0.0271,0.054099,0.100844,0.18768,0.277837,0.265256,0.059492,0.004427,0.000013,0,0],"Nottingham Forest":[0,0,0,0,0,0,0,0,0.000001,0.000024,0.000147,0.000673,0.002676,0.010942,0.035158,0.105293,0.642016,0.185469,0.017601,0,0],"Sunderland":[0,0,0,0,0.000067,0.003131,0.04921,0.075259,0.096113,0.119044,0.144787,0.173398,0.170556,0.105749,0.047991,0.013951,0.000744,0,0,0,0],"Tottenham Hotspur":[0,0,0,0,0,0,0,0,0,0,0,0,0,0.000007,0.000091,0.001135,0.023995,0.194768,0.779529,0.000475,0],"West Ham United":[0,0,0,0,0,0,0,0,0,0,0.00001,0.000038,0.000201,0.001719,0.006166,0.022054,0.164472,0.603393,0.201934,0.000013,0],"Wolverhampton Wanderers":[0,0,0,0,0,0,0,0,0,0,0,0,0,0,0,0,0,0.000002,0.000385,0.491468,0.508145]},"examples":{"AFC Bournemouth":{"3":[0,0,0,0,0,2,1,0,0,0,0,0,0,0,2,1,0,0,2,2,1,0,1,2,1,0,0,0,1,1,1,0,0,0,1,0,1,0,1,2,2,2,0,2,0,0,0,0,1,2,2,2],"4":[0,0,0,0,0,1,1,0,0,0,1,0,0,2,2,2,0,0,2,0,2,2,2,2,2,2,0,0,1,1,2,2,1,0,2,1,0,0,1,2,0,1,1,0,0,2,2,2,1,0,2,0],"5":[0,2,0,1,0,2,0,1,0,1,0,0,0,2,2,0,1,1,2,1,1,1,0,2,1,0,0,0,2,1,1,0,1,1,1,1,1,1,0,2,2,0,0,1,1,1,1,0,2,0,2,1],"6":[2,0,1,0,1,2,0,0,2,1,0,2,0,1,2,1,1,2,2,0,1,1,1,2,0,0,0,0,1,2,1,0,0,0,2,0,0,0,0,0,1,0,2,1,0,0,1,2,2,1,2,0],"7":[0,1,1,0,2,0,0,1,2,0,2,0,0,2,2,2,0,0,2,2,1,2,1,0,2,1,0,0,1,2,0,0,0,0,2,0,2,1,0,2,2,2,2,2,0,2,2,1,0,2,1,0],"8":[0,0,2,2,0,0,2,0,1,0,2,2,0,2,2,2,1,1,2,0,0,2,0,1,1,1,1,1,0,2,0,2,0,1,0,1,1,0,0,0,0,0,2,0,1,2,2,1,2,2,2,0],"9":[2,0,2,0,0,0,1,0,0,2,0,2,1,1,2,1,0,1,2,2,2,1,1,1,2,2,2,1,0,0,2,2,0,0,0,0,0,2,0,1,1,0,0,0,2,2,0,2,1,1,0,1],"10":[1,2,1,0,1,0,0,0,1,0,1,0,0,2,2,0,2,1,2,2,2,0,0,2,2,2,2,0,1,2,0,0,1,0,2,1,0,0,2,1,1,0,1,0,2,2,0,2,2,1,1,2],"11":[1,0,2,0,0,0,0,0,0,0,0,1,1,1,2,0,0,0,2,2,1,1,2,1,1,0,1,2,2,2,1,0,0,0,0,1,0,1,0,1,2,1,1,1,2,1,2,2,2,2,2,0],"12":[0,2,2,0,0,2,1,0,1,0,2,1,1,2,2,2,2,0,1,0,2,1,2,0,1,0,1,0,1,0,2,0,0,0,1,0,0,2,0,0,1,2,0,2,2,0,2,1,0,0,1,1],"13":[0,2,2,0,0,0,0,2,0,0,0,0,0,1,1,2,1,0,0,0,0,2,0,0,2,0,2,1,1,1,0,1,1,0,1,2,0,2,0,0,1,0,1,0,2,2,0,2,2,1,0,0],"14":[2,2,1,0,1,0,2,0,1,0,2,0,0,1,1,2,2,0,1,2,2,2,1,0,2,2,2,2,0,0,1,1,0,2,0,2,1,0,0,0,2,0,2,0,0,2,2,1,2,2,0,2],"15":[2,2,2,0,2,2,1,1,0,1,1,2,0,0,2,1,0,0,2,0,1,0,2,0,1,0,0,2,0,2,0,0,1,0,0,1,0,0,1,0,1,0,1,0,2,2,0,2,2,0,2,1],"16":[2,2,2,0,1,2,2,0,0,1,1,1,0,2,2,2,2,0,0,2,0,1,1,0,1,2,0,1,2,0,2,1,1,2,1,2,1,2,0,0,0,2,2,2,0,2,2,1,1,0,2,0]},"Arsenal":{"1":[1,0,2,0,0,0,2,2,1,1,2,2,1,0,2,0,0,0,0,0,2,0,2,2,0,2,0,0,1,0,0,1,1,0,0,0,1,1,2,2,1,0,0,0,0,0,2,1,1,1,2,0],"2":[0,1,1,0,2,0,0,1,2,0,2,0,0,2,2,2,0,0,2,2,1,2,1,0,2,1,0,0,1,2,0,0,0,0,2,0,2,1,0,2,2,2,2,2,0,2,2,1,0,2,1,0],"3":[2,0,2,1,2,1,0,0,0,1,0,2,0,2,2,2,1,2,1,1,2,2,2,0,2,0,2,1,1,2,0,2,0,2,2,2,0,2,1,0,1,1,2,0,2,2,0,0,2,2,2,2]},"Aston Villa":{"1":[2,0,0,2,2,1,0,0,0,0,1,2,2,2,2,2,1,2,0,1,0,2,0,2,2,0,2,1,0,0,0,2,2,2,0,2,1,2,0,2,2,2,0,0,1,1,0,1,2,2,2,0],"2":[0,0,1,0,2,0,0,0,2,2,1,2,1,2,1,1,0,1,2,0,0,0,0,1,2,0,0,0,1,0,2,2,1,1,1,0,1,2,1,2,0,2,2,2,2,2,2,0,2,2,2,1],"3":[0,1,1,0,2,0,0,1,2,0,2,0,0,2,2,2,0,0,2,2,1,2,1,0,2,1,0,0,1,2,0,0,0,0,2,0,2,1,0,2,2,2,2,2,0,2,2,1,0,2,1,0],"4":[1,0,2,0,0,0,0,0,0,0,0,1,1,1,2,0,0,0,2,2,1,1,2,1,1,0,1,2,2,2,1,0,0,0,0,1,0,1,0,1,2,1,1,1,2,1,2,2,2,2,2,0],"5":[0,1,2,0,0,1,2,1,2,0,1,1,0,2,0,2,1,0,2,2,0,2,1,0,0,1,2,0,0,0,0,1,1,2,2,0,0,0,0,0,0,0,0,0,2,2,0,1,2,0,0,1],"6":[1,0,2,0,0,0,2,2,1,1,2,2,1,0,2,0,0,0,0,0,2,0,2,2,0,2,0,0,1,0,0,1,1,0,0,0,1,1,2,2,1,0,0,0,0,0,2,1,1,1,2,0],"7":[0,1,1,0,0,0,2,2,0,0,2,2,0,0,2,0,0,0,1,2,0,2,1,0,1,2,1,2,2,1,2,0,1,0,2,1,0,1,1,2,0,2,2,2,1,0,2,2,2,1,1,1],"8":[0,1,0,0,0,0,2,2,2,0,1,1,0,0,2,1,0,0,2,2,1,0,1,2,0,1,2,0,2,2,2,0,1,0,0,1,2,2,0,1,0,2,2,2,2,2,2,0,2,1,1,2],"9":[0,1,0,0,1,2,2,2,0,0,0,1,0,1,1,1,0,0,1,2,2,2,0,2,0,1,2,0,2,0,0,0,0,0,2,0,0,2,1,2,0,1,1,0,2,1,2,2,2,0,2,1]},"Brentford":{"3":[1,2,2,1,0,0,1,2,0,0,1,0,0,2,2,2,0,0,2,2,1,2,1,0,0,1,2,0,2,0,1,0,2,0,2,1,2,2,2,0,2,0,0,0,1,1,2,1,0,2,0,0],"4":[0,0,2,0,0,0,0,2,0,0,2,2,0,2,2,1,2,2,2,2,0,2,0,0,2,2,1,0,2,1,0,0,2,0,2,1,1,0,0,2,2,1,0,0,1,2,1,0,1,2,0,1],"5":[0,0,1,0,2,0,0,0,2,0,2,2,2,0,2,0,2,0,1,1,0,1,0,0,2,0,0,0,2,0,2,1,2,2,1,0,0,0,0,2,1,1,0,1,2,2,0,2,2,1,0,0],"6":[1,0,2,0,0,0,0,0,0,0,0,1,1,1,2,0,0,0,2,2,1,1,2,1,1,0,1,2,2,2,1,0,0,0,0,1,0,1,0,1,2,1,1,1,2,1,2,2,2,2,2,0],"7":[0,2,2,0,0,0,0,2,0,0,0,0,0,1,1,2,1,0,0,0,0,2,0,0,2,0,2,1,1,1,0,1,1,0,1,2,0,2,0,0,1,0,1,0,2,2,0,2,2,1,0,0],"8":[0,1,1,0,2,0,0,1,2,0,2,0,0,2,2,2,0,0,2,2,1,2,1,0,2,1,0,0,1,2,0,0,0,0,2,0,2,1,0,2,2,2,2,2,0,2,2,1,0,2,1,0],"9":[1,0,2,0,0,0,2,2,1,1,2,2,1,0,2,0,0,0,0,0,2,0,2,2,0,2,0,0,1,0,0,1,1,0,0,0,1,1,2,2,1,0,0,0,0,0,2,1,1,1,2,0],"10":[0,0,2,2,0,0,2,0,1,0,2,2,0,2,2,2,1,1,2,0,0,2,0,1,1,1,1,1,0,2,0,2,0,1,0,1,1,0,0,0,0,0,2,0,1,2,2,1,2,2,2,0],"11":[2,0,1,0,1,2,0,0,2,1,0,2,0,1,2,1,1,2,2,0,1,1,1,2,0,0,0,0,1,2,1,0,0,0,2,0,0,0,0,0,1,0,2,1,0,0,1,2,2,1,2,0],"12":[0,0,1,0,1,1,1,1,0,2,0,0,0,2,2,0,0,0,2,0,0,2,0,1,1,0,0,0,1,0,0,2,0,0,0,1,0,2,0,2,2,0,0,0,0,2,1,2,0,2,2,1],"13":[0,1,2,0,0,0,0,0,2,2,0,2,0,1,1,0,2,2,2,1,0,0,1,1,2,2,2,0,0,1,1,0,0,0,0,0,0,2,1,1,0,2,1,1,1,1,1,0,2,2,1,0],"14":[0,0,1,0,0,2,1,0,2,2,0,0,1,2,2,2,1,2,0,0,0,2,1,2,1,0,1,0,1,1,0,0,1,1,1,2,1,0,2,2,2,2,0,1,0,0,0,2,0,2,2,2],"15":[1,0,2,0,0,0,0,1,2,2,0,2,0,2,1,1,0,1,2,0,1,2,1,1,1,2,0,0,0,0,0,0,0,0,0,2,0,0,2,2,2,2,0,0,1,2,1,2,1,2,0,0],"16":[1,2,2,0,0,1,2,0,2,2,0,2,2,2,2,1,2,0,1,1,2,2,1,0,1,2,0,0,0,1,1,0,0,0,0,2,0,1,1,0,0,1,1,2,2,2,1,1,0,2,0,0]},"Brighton & Hove Albion":{"3":[1,1,0,2,2,0,2,1,1,2,0,0,0,2,2,0,0,0,2,1,1,1,0,2,0,1,2,0,1,1,1,0,0,0,2,1,1,2,0,0,0,2,0,2,2,0,2,1,0,1,1,0],"4":[0,0,2,0,0,0,0,0,0,0,0,0,0,2,1,2,1,0,2,0,0,2,1,2,1,0,2,0,1,1,2,0,1,0,2,2,2,2,1,0,0,1,1,0,2,0,1,2,2,2,1,0],"5":[1,1,2,0,0,1,0,0,1,0,0,0,2,1,2,2,1,0,2,0,0,2,0,1,2,1,2,1,2,0,1,1,0,2,2,0,1,2,1,2,1,0,2,1,0,2,2,0,2,2,0,0],"6":[0,2,2,0,0,0,0,2,0,0,0,0,0,1,1,2,1,0,0,0,0,2,0,0,2,0,2,1,1,1,0,1,1,0,1,2,0,2,0,0,1,0,1,0,2,2,0,2,2,1,0,0],"7":[0,0,2,0,0,1,1,0,2,0,0,1,0,2,2,0,0,0,1,2,1,2,0,2,0,2,1,0,1,1,1,0,0,0,0,2,1,2,2,0,2,2,2,1,0,2,1,2,2,0,1,1],"8":[0,1,1,1,0,0,0,2,0,0,0,0,0,2,2,1,2,1,1,0,2,0,0,2,2,1,0,0,1,0,0,0,0,0,1,2,1,0,2,2,1,1,0,0,1,1,2,1,1,1,2,0],"9":[2,0,1,0,1,2,0,0,2,1,0,2,0,1,2,1,1,2,2,0,1,1,1,2,0,0,0,0,1,2,1,0,0,0,2,0,0,0,0,0,1,0,2,1,0,0,1,2,2,1,2,0],"10":[0,1,1,0,2,0,0,1,2,0,2,0,0,2,2,2,0,0,2,2,1,2,1,0,2,1,0,0,1,2,0,0,0,0,2,0,2,1,0,2,2,2,2,2,0,2,2,1,0,2,1,0],"11":[0,0,2,2,0,0,2,0,1,0,2,2,0,2,2,2,1,1,2,0,0,2,0,1,1,1,1,1,0,2,0,2,0,1,0,1,1,0,0,0,0,0,2,0,1,2,2,1,2,2,2,0],"12":[1,0,0,0,0,0,0,0,2,1,0,2,2,2,1,2,1,0,1,0,0,2,1,1,0,2,0,0,0,0,0,0,2,1,2,0,0,1,1,2,0,2,1,2,1,0,1,2,2,2,0,0],"13":[1,0,2,0,0,0,2,2,1,1,2,2,1,0,2,0,0,0,0,0,2,0,2,2,0,2,0,0,1,0,0,1,1,0,0,0,1,1,2,2,1,0,0,0,0,0,2,1,1,1,2,0],"14":[0,0,1,1,2,0,0,1,2,0,2,2,2,2,2,0,1,1,0,2,1,2,0,2,0,1,1,0,1,0,2,1,2,1,0,0,0,0,2,1,2,2,2,2,2,1,0,1,2,2,2,0],"15":[0,0,1,0,2,0,0,0,2,0,2,2,2,0,2,0,2,0,1,1,0,1,0,0,2,0,0,0,2,0,2,1,2,2,1,0,0,0,0,2,1,1,0,1,2,2,0,2,2,1,0,0],"16":[1,0,2,0,0,0,0,0,1,2,2,2,1,2,2,0,2,0,2,0,2,0,0,2,1,2,0,0,1,1,1,0,1,0,0,0,0,0,2,1,2,2,0,1,2,2,0,0,1,2,2,0]},"Burnley":{"17":[0,2,1,2,2,0,2,0,0,1,0,1,0,0,0,0,1,0,2,2,0,2,1,1,1,2,1,2,0,2,0,2,0,1,0,0,0,2,0,1,2,2,2,2,1,0,2,1,2,2,0,0],"18":[1,1,1,2,2,0,1,0,0,0,1,1,1,0,1,0,1,0,1,1,1,2,2,1,2,2,0,2,2,0,0,0,0,0,1,2,1,1,2,0,1,0,2,0,1,1,1,2,1,1,2,0],"19":[1,0,2,0,0,0,2,2,1,1,2,2,1,0,2,0,0,0,0,0,2,0,2,2,0,2,0,0,1,0,0,1,1,0,0,0,1,1,2,2,1,0,0,0,0,0,2,1,1,1,2,0],"20":[0,1,1,0,2,0,0,1,2,0,2,0,0,2,2,2,0,0,2,2,1,2,1,0,2,1,0,0,1,2,0,0,0,0,2,0,2,1,0,2,2,2,2,2,0,2,2,1,0,2,1,0]},"Chelsea":{"3":[1,0,2,1,1,1,2,2,2,1,2,1,0,2,1,0,0,0,1,2,0,0,0,1,1,2,2,0,2,2,0,0,1,0,2,1,2,2,1,1,0,2,1,1,2,2,2,1,0,1,0,0],"4":[2,2,0,0,0,2,1,1,2,0,2,0,0,2,1,0,0,0,1,2,1,0,0,1,2,1,0,0,2,2,0,2,0,0,2,1,1,1,0,2,1,2,0,2,0,2,2,1,2,1,2,1],"5":[0,1,1,0,2,0,0,1,2,0,2,0,0,2,2,2,0,0,2,2,1,2,1,0,2,1,0,0,1,2,0,0,0,0,2,0,2,1,0,2,2,2,2,2,0,2,2,1,0,2,1,0],"6":[0,0,2,2,0,0,2,0,1,0,2,2,0,2,2,2,1,1,2,0,0,2,0,1,1,1,1,1,0,2,0,2,0,1,0,1,1,0,0,0,0,0,2,0,1,2,2,1,2,2,2,0],"7":[1,0,0,0,0,0,0,0,2,1,0,2,2,2,1,2,1,0,1,0,0,2,1,1,0,2,0,0,0,0,0,0,2,1,2,0,0,1,1,2,0,2,1,2,1,0,1,2,2,2,0,0],"8":[1,0,2,0,0,0,2,2,1,1,2,2,1,0,2,0,0,0,0,0,2,0,2,2,0,2,0,0,1,0,0,1,1,0,0,0,1,1,2,2,1,0,0,0,0,0,2,1,1,1,2,0],"9":[0,1,2,0,0,0,0,0,2,2,0,2,0,1,1,0,2,2,2,1,0,0,1,1,2,2,2,0,0,1,1,0,0,0,0,0,0,2,1,1,0,2,1,1,1,1,1,0,2,2,1,0],"10":[0,2,2,0,0,0,0,2,0,0,0,0,0,1,1,2,1,0,0,0,0,2,0,0,2,0,2,1,1,1,0,1,1,0,1,2,0,2,0,0,1,0,1,0,2,2,0,2,2,1,0,0],"11":[1,2,1,0,1,0,0,0,1,0,1,0,0,2,2,0,2,1,2,2,2,0,0,2,2,2,2,0,1,2,0,0,1,0,2,1,0,0,2,1,1,0,1,0,2,2,0,2,2,1,1,2],"12":[0,1,2,0,0,0,2,0,0,0,2,0,1,1,2,0,1,2,0,2,0,0,0,1,2,0,0,0,2,0,0,1,0,0,0,2,0,1,2,2,1,0,2,2,1,2,0,2,2,2,1,2],"13":[2,0,1,0,1,2,0,0,2,1,0,2,0,1,2,1,1,2,2,0,1,1,1,2,0,0,0,0,1,2,1,0,0,0,2,0,0,0,0,0,1,0,2,1,0,0,1,2,2,1,2,0],"14":[1,1,2,1,0,1,2,0,2,0,0,1,0,2,2,2,2,0,2,0,1,2,0,2,1,0,0,0,1,0,2,0,2,0,0,0,0,0,2,2,0,0,2,2,2,2,2,1,2,2,2,2],"15":[2,2,2,0,0,0,1,0,1,0,0,2,0,2,2,2,2,2,2,1,0,2,0,0,0,0,0,0,2,0,1,2,0,0,1,2,0,0,0,2,2,2,0,0,2,2,1,2,2,2,1,2],"16":[0,1,0,0,0,1,1,1,0,0,0,2,2,2,2,2,2,1,1,0,0,2,1,2,2,1,0,0,1,0,0,1,0,0,1,2,1,0,0,0,0,0,1,2,2,1,0,2,2,2,1,1]},"Crystal Palace":{"4":[2,0,1,0,1,1,1,2,2,0,0,0,0,1,1,0,1,2,1,0,0,1,1,2,0,1,1,0,0,2,2,0,0,2,2,2,0,0,0,0,0,0,0,0,2,1,1,2,0,0,1,1],"5":[2,2,1,0,0,0,1,1,2,0,0,1,0,2,2,2,1,0,2,0,0,1,0,1,1,0,1,0,1,2,2,2,0,1,0,0,0,1,2,1,1,2,2,1,0,0,1,0,0,2,2,2],"6":[2,2,2,0,0,1,0,0,2,2,0,2,1,1,2,2,1,0,1,0,1,1,0,0,1,0,1,2,0,1,1,1,1,0,0,0,0,1,0,1,1,0,2,0,0,2,2,0,0,0,0,2],"7":[0,0,1,0,0,2,1,0,2,2,0,0,1,2,2,2,1,2,0,0,0,2,1,2,1,0,1,0,1,1,0,0,1,1,1,2,1,0,2,2,2,2,0,1,0,0,0,2,0,2,2,2],"8":[2,0,1,0,1,2,0,0,2,1,0,2,0,1,2,1,1,2,2,0,1,1,1,2,0,0,0,0,1,2,1,0,0,0,2,0,0,0,0,0,1,0,2,1,0,0,1,2,2,1,2,0],"9":[1,0,0,0,0,0,0,0,2,1,0,2,2,2,1,2,1,0,1,0,0,2,1,1,0,2,0,0,0,0,0,0,2,1,2,0,0,1,1,2,0,2,1,2,1,0,1,2,2,2,0,0],"10":[0,0,2,2,1,1,1,0,2,1,2,2,1,2,2,2,2,0,0,1,0,2,1,2,2,0,0,2,0,1,0,0,0,0,2,1,0,0,0,2,0,2,2,2,1,1,0,1,1,2,1,2],"11":[1,0,2,0,0,0,2,2,1,1,2,2,1,0,2,0,0,0,0,0,2,0,2,2,0,2,0,0,1,0,0,1,1,0,0,0,1,1,2,2,1,0,0,0,0,0,2,1,1,1,2,0],"12":[0,2,2,0,0,0,0,2,0,0,0,0,0,1,1,2,1,0,0,0,0,2,0,0,2,0,2,1,1,1,0,1,1,0,1,2,0,2,0,0,1,0,1,0,2,2,0,2,2,1,0,0],"13":[0,0,2,2,0,0,2,0,1,0,2,2,0,2,2,2,1,1,2,0,0,2,0,1,1,1,1,1,0,2,0,2,0,1,0,1,1,0,0,0,0,0,2,0,1,2,2,1,2,2,2,0],"14":[1,0,2,0,0,0,0,0,0,0,0,1,1,1,2,0,0,0,2,2,1,1,2,1,1,0,1,2,2,2,1,0,0,0,0,1,0,1,0,1,2,1,1,1,2,1,2,2,2,2,2,0],"15":[0,1,1,0,2,0,0,1,2,0,2,0,0,2,2,2,0,0,2,2,1,2,1,0,2,1,0,0,1,2,0,0,0,0,2,0,2,1,0,2,2,2,2,2,0,2,2,1,0,2,1,0],"16":[0,2,2,0,0,0,2,2,0,2,0,1,0,2,2,0,0,0,1,2,2,0,0,0,0,0,0,2,0,0,1,0,1,0,0,2,0,1,2,2,2,2,1,0,1,2,2,1,0,0,2,0],"17":[0,0,2,0,0,0,0,0,0,2,0,0,0,1,2,0,1,0,2,2,2,2,2,2,1,1,2,0,2,0,0,1,0,0,0,2,2,2,2,2,0,2,2,0,2,2,2,2,1,2,0,2],"18":[0,2,1,1,0,0,1,1,0,0,0,2,1,2,2,2,2,2,2,2,2,2,1,2,1,1,2,0,2,0,0,0,2,0,2,0,0,2,0,2,0,0,2,1,0,0,1,0,0,2,0,1]},"Everton":{"3":[0,0,1,0,0,1,1,2,0,0,1,0,1,1,2,2,0,1,2,2,0,0,0,2,1,0,1,0,1,1,1,0,1,0,1,2,0,0,2,1,2,2,0,2,2,2,2,2,2,2,0,0],"4":[0,0,0,0,0,1,1,1,2,0,1,0,0,0,2,0,2,0,2,2,2,0,0,1,1,0,1,2,2,1,1,1,0,1,0,1,0,0,0,0,1,1,2,2,2,2,0,2,0,1,2,2],"5":[1,2,1,0,1,0,0,0,1,0,1,0,0,2,2,0,2,1,2,2,2,0,0,2,2,2,2,0,1,2,0,0,1,0,2,1,0,0,2,1,1,0,1,0,2,2,0,2,2,1,1,2],"6":[2,0,2,0,0,0,1,0,0,2,0,2,1,1,2,1,0,1,2,2,2,1,1,1,2,2,2,1,0,0,2,2,0,0,0,0,0,2,0,1,1,0,0,0,2,2,0,2,1,1,0,1],"7":[0,0,1,1,2,0,0,1,2,0,2,2,2,2,2,0,1,1,0,2,1,2,0,2,0,1,1,0,1,0,2,1,2,1,0,0,0,0,2,1,2,2,2,2,2,1,0,1,2,2,2,0],"8":[1,0,2,0,0,0,0,0,0,0,0,1,1,1,2,0,0,0,2,2,1,1,2,1,1,0,1,2,2,2,1,0,0,0,0,1,0,1,0,1,2,1,1,1,2,1,2,2,2,2,2,0],"9":[0,0,2,2,0,0,2,0,1,0,2,2,0,2,2,2,1,1,2,0,0,2,0,1,1,1,1,1,0,2,0,2,0,1,0,1,1,0,0,0,0,0,2,0,1,2,2,1,2,2,2,0],"10":[1,0,2,0,0,0,2,2,1,1,2,2,1,0,2,0,0,0,0,0,2,0,2,2,0,2,0,0,1,0,0,1,1,0,0,0,1,1,2,2,1,0,0,0,0,0,2,1,1,1,2,0],"11":[0,1,1,0,2,0,0,1,2,0,2,0,0,2,2,2,0,0,2,2,1,2,1,0,2,1,0,0,1,2,0,0,0,0,2,0,2,1,0,2,2,2,2,2,0,2,2,1,0,2,1,0],"12":[2,2,1,0,0,1,0,0,2,1,2,1,1,1,2,1,2,0,2,0,0,2,0,2,1,2,0,0,2,1,0,2,0,0,1,1,2,1,2,2,2,0,1,2,1,1,0,0,2,0,2,0],"13":[2,2,1,1,0,0,0,0,1,0,2,2,0,1,2,2,0,1,1,1,0,1,2,2,2,0,2,0,0,0,2,0,1,0,2,0,1,0,0,1,1,0,2,0,1,2,2,0,1,2,2,1],"14":[2,0,1,0,1,2,0,0,2,1,0,2,0,1,2,1,1,2,2,0,1,1,1,2,0,0,0,0,1,2,1,0,0,0,2,0,0,0,0,0,1,0,2,1,0,0,1,2,2,1,2,0],"15":[0,0,2,1,0,1,2,2,1,1,0,2,2,2,1,2,1,1,0,0,1,2,2,2,1,1,1,0,1,0,2,0,2,2,1,0,1,0,1,2,2,2,1,0,0,2,2,0,2,1,2,1],"16":[0,2,2,0,0,0,1,0,2,2,2,2,2,1,2,2,0,0,2,0,1,2,2,0,1,2,1,0,0,1,1,1,0,0,1,0,2,1,0,0,0,1,0,2,0,1,0,0,2,0,2,0]},"Fulham":{"4":[0,2,1,0,2,0,1,1,2,0,2,1,1,0,1,0,0,2,1,1,1,1,0,0,0,0,0,0,2,2,2,0,0,1,0,0,2,0,0,0,2,0,2,2,2,1,0,1,2,2,2,0],"5":[2,0,1,0,0,0,0,1,0,0,0,1,1,0,2,2,0,0,2,0,2,2,2,0,0,0,1,0,2,1,2,0,0,0,0,1,1,2,0,2,1,1,2,2,2,2,2,2,0,2,0,1],"6":[0,2,1,0,0,0,0,0,1,2,0,1,2,1,2,0,0,0,0,2,1,2,0,0,0,0,2,0,1,0,0,0,0,0,2,2,0,0,2,2,2,0,2,2,1,0,0,1,1,2,1,0],"7":[0,2,0,0,1,2,2,0,1,1,2,2,2,1,2,1,0,0,1,2,0,2,2,0,0,0,2,2,1,0,1,0,0,0,2,2,0,1,0,1,0,0,1,0,2,1,0,2,1,2,2,2],"8":[0,0,2,2,1,1,1,0,2,1,2,2,1,2,2,2,2,0,0,1,0,2,1,2,2,0,0,2,0,1,0,0,0,0,2,1,0,0,0,2,0,2,2,2,1,1,0,1,1,2,1,2],"9":[0,1,1,0,2,0,0,1,2,0,2,0,0,2,2,2,0,0,2,2,1,2,1,0,2,1,0,0,1,2,0,0,0,0,2,0,2,1,0,2,2,2,2,2,0,2,2,1,0,2,1,0],"10":[2,0,1,0,1,2,0,0,2,1,0,2,0,1,2,1,1,2,2,0,1,1,1,2,0,0,0,0,1,2,1,0,0,0,2,0,0,0,0,0,1,0,2,1,0,0,1,2,2,1,2,0],"11":[0,2,2,0,0,0,0,2,0,0,0,0,0,1,1,2,1,0,0,0,0,2,0,0,2,0,2,1,1,1,0,1,1,0,1,2,0,2,0,0,1,0,1,0,2,2,0,2,2,1,0,0],"12":[1,0,2,0,0,0,2,2,1,1,2,2,1,0,2,0,0,0,0,0,2,0,2,2,0,2,0,0,1,0,0,1,1,0,0,0,1,1,2,2,1,0,0,0,0,0,2,1,1,1,2,0],"13":[0,1,1,1,0,0,0,2,0,0,0,0,0,2,2,1,2,1,1,0,2,0,0,2,2,1,0,0,1,0,0,0,0,0,1,2,1,0,2,2,1,1,0,0,1,1,2,1,1,1,2,0],"14":[0,0,2,0,0,1,1,0,2,0,0,1,0,2,2,0,0,0,1,2,1,2,0,2,0,2,1,0,1,1,1,0,0,0,0,2,1,2,2,0,2,2,2,1,0,2,1,2,2,0,1,1],"15":[2,2,1,0,0,1,0,0,2,1,2,1,1,1,2,1,2,0,2,0,0,2,0,2,1,2,0,0,2,1,0,2,0,0,1,1,2,1,2,2,2,0,1,2,1,1,0,0,2,0,2,0],"16":[2,0,0,1,0,0,2,1,0,2,2,2,0,2,2,1,2,0,2,1,0,2,2,2,2,1,0,0,1,0,1,0,0,0,0,0,1,2,0,1,0,0,2,2,2,0,2,0,2,0,1,2],"17":[0,1,0,0,0,2,2,0,0,1,0,1,2,0,2,0,2,2,2,1,0,1,1,2,2,2,0,0,0,0,0,0,1,0,1,1,0,1,2,0,1,0,2,2,2,1,0,0,0,0,2,0]},"Leeds United":{"6":[0,2,1,1,1,0,1,0,0,1,1,2,0,2,2,1,2,0,2,1,1,2,0,0,2,2,0,0,0,0,0,0,1,0,0,2,1,2,0,0,0,0,2,1,2,2,2,0,2,2,1,1],"7":[1,2,2,0,0,1,0,0,1,1,1,1,1,2,0,2,0,0,2,0,1,2,0,1,2,2,0,0,0,0,0,2,2,1,0,0,0,1,1,2,0,2,0,0,1,2,2,0,2,2,1,2],"8":[2,2,0,0,0,0,1,0,0,0,0,1,1,2,2,2,0,0,2,1,1,2,2,0,2,0,0,0,1,2,0,0,0,0,1,1,2,1,1,1,1,0,2,2,1,2,1,2,2,1,1,0],"9":[0,2,2,0,0,1,0,0,2,1,0,1,0,2,1,1,2,0,2,2,1,2,1,0,2,0,0,0,0,0,0,0,1,0,2,0,0,2,1,0,1,0,1,1,2,2,1,2,2,2,2,1],"10":[0,1,0,0,1,0,1,0,1,0,0,1,1,2,2,2,1,0,0,1,1,2,2,1,2,0,0,0,2,1,1,0,1,0,1,1,2,2,1,1,0,2,2,2,1,2,2,0,2,0,1,0],"11":[0,2,0,1,0,2,0,1,0,1,0,0,0,2,2,0,1,1,2,1,1,1,0,2,1,0,0,0,2,1,1,0,1,1,1,1,1,1,0,2,2,0,0,1,1,1,1,0,2,0,2,1],"12":[0,0,2,0,0,1,1,0,2,0,0,1,0,2,2,0,0,0,1,2,1,2,0,2,0,2,1,0,1,1,1,0,0,0,0,2,1,2,2,0,2,2,2,1,0,2,1,2,2,0,1,1],"13":[0,1,1,0,2,0,0,1,2,0,2,0,0,2,2,2,0,0,2,2,1,2,1,0,2,1,0,0,1,2,0,0,0,0,2,0,2,1,0,2,2,2,2,2,0,2,2,1,0,2,1,0],"14":[0,2,2,0,0,0,0,2,0,0,0,0,0,1,1,2,1,0,0,0,0,2,0,0,2,0,2,1,1,1,0,1,1,0,1,2,0,2,0,0,1,0,1,0,2,2,0,2,2,1,0,0],"15":[1,0,2,0,0,0,2,2,1,1,2,2,1,0,2,0,0,0,0,0,2,0,2,2,0,2,0,0,1,0,0,1,1,0,0,0,1,1,2,2,1,0,0,0,0,0,2,1,1,1,2,0],"16":[0,2,2,0,0,2,1,0,1,0,2,1,1,2,2,2,2,0,1,0,2,1,2,0,1,0,1,0,1,0,2,0,0,0,1,0,0,2,0,0,1,2,0,2,2,0,2,1,0,0,1,1],"17":[2,0,0,1,0,1,2,2,0,1,2,1,0,2,2,2,1,0,2,2,0,2,0,2,1,2,1,2,2,2,1,0,0,0,0,1,2,0,2,2,0,2,1,1,0,2,1,0,0,2,1,1],"18":[1,0,2,0,0,0,2,0,0,0,0,0,0,2,2,1,2,1,2,1,2,2,0,2,2,2,2,2,2,1,2,2,0,0,0,2,0,2,2,2,1,1,2,0,0,0,2,0,0,0,2,2]},"Liverpool":{"2":[0,0,0,0,0,0,2,2,1,0,1,1,2,2,1,0,0,0,1,0,1,0,0,1,2,1,1,0,0,0,0,1,2,2,0,2,0,1,0,1,1,0,2,2,2,2,2,2,0,0,2,2],"3":[0,1,2,0,0,1,2,1,2,0,1,1,0,2,0,2,1,0,2,2,0,2,1,0,0,1,2,0,0,0,0,1,1,2,2,0,0,0,0,0,0,0,0,0,2,2,0,1,2,0,0,1],"4":[1,0,2,0,0,0,2,2,1,1,2,2,1,0,2,0,0,0,0,0,2,0,2,2,0,2,0,0,1,0,0,1,1,0,0,0,1,1,2,2,1,0,0,0,0,0,2,1,1,1,2,0],"5":[2,0,1,0,1,2,0,0,2,1,0,2,0,1,2,1,1,2,2,0,1,1,1,2,0,0,0,0,1,2,1,0,0,0,2,0,0,0,0,0,1,0,2,1,0,0,1,2,2,1,2,0],"6":[0,1,1,0,2,0,0,1,2,0,2,0,0,2,2,2,0,0,2,2,1,2,1,0,2,1,0,0,1,2,0,0,0,0,2,0,2,1,0,2,2,2,2,2,0,2,2,1,0,2,1,0],"7":[1,0,2,0,0,0,0,0,0,0,0,1,1,1,2,0,0,0,2,2,1,1,2,1,1,0,1,2,2,2,1,0,0,0,0,1,0,1,0,1,2,1,1,1,2,1,2,2,2,2,2,0],"8":[0,2,0,0,1,0,0,0,1,0,2,1,1,1,2,1,1,0,2,0,1,1,1,1,0,0,2,0,2,1,2,1,1,0,2,0,0,0,0,2,1,2,1,0,2,1,2,0,1,0,0,1],"9":[0,0,1,0,0,0,0,1,0,0,2,2,0,2,2,0,1,0,2,0,1,2,1,0,1,0,0,1,1,2,1,0,2,0,1,0,0,0,0,2,0,0,0,0,0,2,2,2,1,2,2,0],"10":[1,0,0,0,0,2,0,0,0,0,0,1,1,2,2,0,1,0,2,2,0,1,0,2,0,0,2,0,2,2,2,0,2,0,2,0,1,0,0,2,1,2,2,0,0,0,2,2,2,1,2,1],"11":[2,0,1,0,0,0,0,0,0,0,1,2,0,2,2,1,2,0,0,0,1,0,1,0,2,0,2,0,2,2,2,0,2,1,2,0,1,0,1,2,0,0,2,0,2,1,2,2,1,0,2,0],"12":[1,2,2,0,2,1,0,0,2,0,1,1,0,2,2,1,0,0,1,0,0,0,0,2,2,2,2,1,2,2,2,2,0,0,2,0,2,2,2,2,0,0,2,0,1,2,2,1,2,1,2,1]},"Manchester City":{"1":[0,1,1,0,2,0,0,1,2,0,2,0,0,2,2,2,0,0,2,2,1,2,1,0,2,1,0,0,1,2,0,0,0,0,2,0,2,1,0,2,2,2,2,2,0,2,2,1,0,2,1,0],"2":[1,0,2,0,0,0,2,2,1,1,2,2,1,0,2,0,0,0,0,0,2,0,2,2,0,2,0,0,1,0,0,1,1,0,0,0,1,1,2,2,1,0,0,0,0,0,2,1,1,1,2,0],"3":[0,0,1,0,2,0,0,0,2,2,1,2,1,2,1,1,0,1,2,0,0,0,0,1,2,0,0,0,1,0,2,2,1,1,1,0,1,2,1,2,0,2,2,2,2,2,2,0,2,2,2,1],"4":[0,0,0,0,0,0,0,0,0,0,0,2,0,2,0,2,0,0,2,0,0,0,2,2,1,2,2,2,2,1,1,2,2,2,1,0,1,2,1,1,1,1,1,0,0,2,2,2,1,1,0,2]},"Manchester United":{"2":[0,2,0,0,0,0,2,0,0,1,2,2,2,0,1,1,1,0,2,1,2,0,1,1,2,0,1,2,0,0,0,1,2,1,0,0,0,2,1,1,2,0,0,1,2,1,1,0,2,1,1,1],"3":[1,0,2,0,0,0,2,2,1,1,2,2,1,0,2,0,0,0,0,0,2,0,2,2,0,2,0,0,1,0,0,1,1,0,0,0,1,1,2,2,1,0,0,0,0,0,2,1,1,1,2,0],"4":[0,1,1,0,2,0,0,1,2,0,2,0,0,2,2,2,0,0,2,2,1,2,1,0,2,1,0,0,1,2,0,0,0,0,2,0,2,1,0,2,2,2,2,2,0,2,2,1,0,2,1,0],"5":[0,1,1,1,0,0,0,2,0,0,0,0,0,2,2,1,2,1,1,0,2,0,0,2,2,1,0,0,1,0,0,0,0,0,1,2,1,0,2,2,1,1,0,0,1,1,2,1,1,1,2,0],"6":[0,0,1,0,0,2,1,0,2,2,0,0,1,2,2,2,1,2,0,0,0,2,1,2,1,0,1,0,1,1,0,0,1,1,1,2,1,0,2,2,2,2,0,1,0,0,0,2,0,2,2,2],"7":[1,0,2,0,0,1,1,0,0,0,1,0,0,2,0,2,0,1,2,0,1,1,2,0,0,0,2,2,1,1,0,0,2,0,2,2,1,2,1,2,1,1,0,1,1,2,1,0,2,1,2,0],"8":[2,0,1,0,2,0,1,0,0,0,0,0,0,2,2,0,2,2,2,0,1,2,1,2,0,0,1,0,1,0,2,1,1,1,2,1,2,2,0,1,0,0,0,0,0,2,1,2,2,2,2,0],"9":[0,1,0,0,2,2,2,0,0,1,0,0,0,1,2,2,2,2,0,2,0,1,1,1,0,1,0,1,2,2,1,1,2,0,2,2,2,2,0,2,0,0,0,2,2,1,2,2,0,2,1,1],"10":[0,0,1,0,0,0,2,0,0,0,1,0,0,2,0,1,0,0,2,1,2,0,0,2,1,0,2,0,2,0,0,0,2,1,2,2,2,2,1,1,0,2,0,0,2,2,1,2,2,1,2,1],"11":[2,0,0,0,0,0,2,2,2,1,1,0,0,0,2,2,0,0,1,0,1,0,2,1,0,2,1,2,2,2,2,0,2,2,2,2,2,2,2,2,0,1,0,0,0,0,1,0,0,0,2,0]},"Newcastle United":{"5":[0,2,2,0,1,2,0,0,0,1,0,0,2,2,2,2,0,2,0,2,1,2,2,0,1,2,1,1,1,2,1,2,1,0,0,0,0,0,0,2,2,1,1,1,1,1,2,0,1,2,1,1],"6":[0,1,0,1,0,2,2,0,1,0,0,2,0,2,1,0,1,0,2,2,2,2,0,0,2,2,2,2,0,1,2,0,0,1,0,0,0,0,0,0,2,1,2,1,2,2,0,1,1,2,0,0],"7":[2,2,1,0,1,0,0,2,2,2,0,1,0,2,2,1,1,2,2,1,0,2,2,1,2,2,0,1,2,0,0,0,0,0,0,2,1,0,0,2,2,2,0,1,2,1,1,1,1,2,1,0],"8":[0,0,1,0,0,2,0,0,0,0,2,0,0,2,2,0,1,2,1,0,0,1,1,0,0,2,1,0,2,0,0,2,1,0,0,1,0,1,0,2,2,2,2,0,1,2,2,0,2,2,2,0],"9":[2,2,0,1,0,0,2,2,0,1,0,2,1,1,2,2,0,2,2,2,0,0,0,1,0,2,2,1,0,0,1,2,1,1,2,1,2,0,0,1,2,2,2,0,0,2,1,2,2,1,0,1],"10":[0,0,0,0,0,2,2,0,2,0,0,1,0,1,2,1,0,0,2,2,0,1,0,1,1,2,2,0,0,2,0,2,0,0,2,0,2,0,0,2,2,1,1,2,2,1,1,0,2,2,1,1],"11":[0,0,2,0,0,1,1,0,2,0,0,1,0,2,2,0,0,0,1,2,1,2,0,2,0,2,1,0,1,1,1,0,0,0,0,2,1,2,2,0,2,2,2,1,0,2,1,2,2,0,1,1],"12":[0,1,1,0,2,0,0,1,2,0,2,0,0,2,2,2,0,0,2,2,1,2,1,0,2,1,0,0,1,2,0,0,0,0,2,0,2,1,0,2,2,2,2,2,0,2,2,1,0,2,1,0],"13":[1,0,2,0,0,0,0,0,0,0,0,1,1,1,2,0,0,0,2,2,1,1,2,1,1,0,1,2,2,2,1,0,0,0,0,1,0,1,0,1,2,1,1,1,2,1,2,2,2,2,2,0],"14":[1,0,2,0,0,0,2,2,1,1,2,2,1,0,2,0,0,0,0,0,2,0,2,2,0,2,0,0,1,0,0,1,1,0,0,0,1,1,2,2,1,0,0,0,0,0,2,1,1,1,2,0],"15":[1,0,0,0,0,0,0,0,2,1,0,2,2,2,1,2,1,0,1,0,0,2,1,1,0,2,0,0,0,0,0,0,2,1,2,0,0,1,1,2,0,2,1,2,1,0,1,2,2,2,0,0],"16":[0,2,2,0,0,1,0,0,1,1,1,1,0,2,2,2,1,0,1,2,0,2,1,2,0,0,0,0,0,2,1,0,1,1,2,1,1,1,1,0,0,0,2,2,1,2,1,1,1,1,0,1],"17":[1,0,2,0,1,0,0,0,1,2,0,1,0,2,2,2,2,0,2,2,0,0,2,0,2,1,0,0,2,0,0,0,0,0,2,0,2,2,1,1,0,1,1,0,2,2,0,0,0,1,1,0],"18":[2,2,2,2,0,0,0,0,0,1,2,1,0,2,2,0,0,2,2,2,2,1,1,0,2,0,0,0,1,0,0,0,1,0,0,0,2,2,1,0,0,1,2,1,0,0,2,0,0,1,1,2]},"Nottingham Forest":{"8":[2,2,2,0,0,1,2,0,0,0,1,2,0,1,2,0,2,0,0,1,1,1,1,2,1,0,0,0,0,2,0,0,1,0,2,0,2,0,0,0,0,2,2,2,1,2,2,0,0,0,2,1],"9":[1,0,1,0,2,1,0,0,0,1,0,2,2,2,2,2,2,2,2,0,1,2,0,2,2,0,0,0,0,0,0,1,0,0,2,1,2,1,0,0,0,0,2,2,0,2,1,1,1,1,1,1],"10":[1,2,2,0,1,1,0,0,0,0,0,0,0,1,2,0,2,2,2,2,2,2,0,1,1,2,2,0,0,0,0,1,1,1,0,1,2,0,2,0,0,2,0,2,2,0,2,1,1,0,0,1],"11":[2,1,1,2,0,0,1,0,0,1,0,0,0,2,2,2,2,1,1,0,0,2,1,2,2,0,2,0,0,0,0,0,1,1,0,1,2,1,0,1,0,2,2,2,0,1,1,0,0,1,1,0],"12":[2,1,2,0,0,0,2,0,1,2,1,1,1,0,2,1,2,2,2,2,2,0,0,0,0,2,0,0,0,0,1,0,0,0,2,1,2,1,2,1,0,2,2,2,0,1,1,0,0,0,0,1],"13":[0,1,0,0,0,0,0,0,2,0,2,0,0,2,2,0,2,0,1,2,2,2,2,2,2,1,1,0,2,0,0,0,0,0,1,0,1,0,2,1,0,0,0,2,1,1,2,2,1,2,0,0],"14":[0,1,2,1,2,0,2,0,0,2,0,2,1,1,2,1,2,0,1,0,1,2,0,1,1,2,1,0,1,0,2,0,0,0,2,0,2,2,0,1,1,2,2,2,2,1,1,2,0,2,0,0],"15":[0,2,2,0,0,2,1,0,1,0,2,1,1,2,2,2,2,0,1,0,2,1,2,0,1,0,1,0,1,0,2,0,0,0,1,0,0,2,0,0,1,2,0,2,2,0,2,1,0,0,1,1],"16":[0,1,1,0,2,0,0,1,2,0,2,0,0,2,2,2,0,0,2,2,1,2,1,0,2,1,0,0,1,2,0,0,0,0,2,0,2,1,0,2,2,2,2,2,0,2,2,1,0,2,1,0],"17":[0,0,1,0,1,1,1,1,0,2,0,0,0,2,2,0,0,0,2,0,0,2,0,1,1,0,0,0,1,0,0,2,0,0,0,1,0,2,0,2,2,0,0,0,0,2,1,2,0,2,2,1],"18":[1,0,2,0,0,0,2,2,1,1,2,2,1,0,2,0,0,0,0,0,2,0,2,2,0,2,0,0,1,0,0,1,1,0,0,0,1,1,2,2,1,0,0,0,0,0,2,1,1,1,2,0]},"Sunderland":{"3":[1,0,1,0,1,0,2,0,0,2,0,0,1,0,2,2,2,1,1,2,2,1,2,0,0,2,2,0,2,1,2,0,2,1,1,1,1,2,1,0,2,0,0,0,1,2,2,0,2,2,2,0],"4":[0,2,1,0,0,0,0,0,1,1,1,0,0,0,2,1,1,2,1,1,0,2,2,1,2,0,2,0,2,0,2,1,0,2,2,2,2,2,0,0,1,0,0,0,0,2,1,0,2,1,2,1],"5":[1,0,2,0,0,0,2,2,1,1,2,2,1,0,2,0,0,0,0,0,2,0,2,2,0,2,0,0,1,0,0,1,1,0,0,0,1,1,2,2,1,0,0,0,0,0,2,1,1,1,2,0],"6":[2,2,1,1,0,0,0,0,1,0,2,2,0,1,2,2,0,1,1,1,0,1,2,2,2,0,2,0,0,0,2,0,1,0,2,0,1,0,0,1,1,0,2,0,1,2,2,0,1,2,2,1],"7":[2,0,1,0,1,2,0,0,2,1,0,2,0,1,2,1,1,2,2,0,1,1,1,2,0,0,0,0,1,2,1,0,0,0,2,0,0,0,0,0,1,0,2,1,0,0,1,2,2,1,2,0],"8":[0,0,1,0,1,1,1,1,0,2,0,0,0,2,2,0,0,0,2,0,0,2,0,1,1,0,0,0,1,0,0,2,0,0,0,1,0,2,0,2,2,0,0,0,0,2,1,2,0,2,2,1],"9":[1,0,2,0,0,0,0,0,0,0,0,1,1,1,2,0,0,0,2,2,1,1,2,1,1,0,1,2,2,2,1,0,0,0,0,1,0,1,0,1,2,1,1,1,2,1,2,2,2,2,2,0],"10":[1,0,2,0,0,0,0,0,0,0,0,1,1,2,2,2,1,0,1,0,2,2,1,1,2,0,1,0,2,1,0,2,0,0,2,2,0,0,0,1,2,2,0,1,2,2,1,1,2,0,1,0],"11":[0,2,2,0,0,0,2,2,0,2,0,1,0,2,2,0,0,0,1,2,2,0,0,0,0,0,0,2,0,0,1,0,1,0,0,2,0,1,2,2,2,2,1,0,1,2,2,1,0,0,2,0],"12":[0,1,1,0,0,0,0,0,0,0,0,1,1,1,2,1,1,0,0,2,1,2,0,2,0,0,2,0,2,2,0,0,0,0,1,2,1,1,0,0,2,1,0,2,2,1,1,0,0,2,0,2],"13":[0,0,2,0,0,1,1,0,2,0,0,1,0,2,2,0,0,0,1,2,1,2,0,2,0,2,1,0,1,1,1,0,0,0,0,2,1,2,2,0,2,2,2,1,0,2,1,2,2,0,1,1],"14":[0,1,1,0,2,0,0,1,2,0,2,0,0,2,2,2,0,0,2,2,1,2,1,0,2,1,0,0,1,2,0,0,0,0,2,0,2,1,0,2,2,2,2,2,0,2,2,1,0,2,1,0],"15":[0,1,2,1,2,0,2,0,0,2,0,2,1,1,2,1,2,0,1,0,1,2,0,1,1,2,1,0,1,0,2,0,0,0,2,0,2,2,0,1,1,2,2,2,2,1,1,2,0,2,0,0],"16":[2,1,2,0,0,0,2,0,1,2,1,1,1,0,2,1,2,2,2,2,2,0,0,0,0,2,0,0,0,0,1,0,0,0,2,1,2,1,2,1,0,2,2,2,0,1,1,0,0,0,0,1],"17":[1,0,2,0,1,1,1,0,0,1,0,0,0,2,0,0,2,2,2,0,2,0,0,1,0,1,0,0,1,1,1,1,2,0,1,2,2,1,2,0,2,1,2,2,0,2,0,0,0,2,0,2]},"Tottenham Hotspur":{"13":[2,1,0,0,1,0,1,2,0,0,1,0,1,2,2,0,1,2,2,2,2,0,1,2,2,0,0,1,0,2,0,0,0,0,1,1,0,1,0,1,0,0,0,2,0,0,2,0,0,1,2,2],"14":[1,0,0,0,0,0,1,2,1,1,1,0,0,1,2,1,0,2,2,0,0,2,1,1,2,0,1,0,0,0,0,0,0,1,1,0,1,2,2,1,0,2,2,0,0,0,2,2,0,0,1,1],"15":[2,1,1,2,1,1,2,2,1,0,0,2,0,2,2,2,1,1,2,2,0,2,1,2,2,0,2,0,1,1,0,0,0,0,0,1,0,0,2,2,1,1,1,1,0,0,0,0,0,2,0,2],"16":[2,0,0,0,0,0,0,0,2,0,0,2,0,2,2,2,0,1,2,2,0,1,1,0,1,0,0,0,2,0,0,0,2,0,1,1,0,2,1,2,1,0,2,0,0,0,2,0,1,0,2,1],"17":[1,0,2,0,0,0,2,2,1,1,2,2,1,0,2,0,0,0,0,0,2,0,2,2,0,2,0,0,1,0,0,1,1,0,0,0,1,1,2,2,1,0,0,0,0,0,2,1,1,1,2,0],"18":[0,1,1,0,2,0,0,1,2,0,2,0,0,2,2,2,0,0,2,2,1,2,1,0,2,1,0,0,1,2,0,0,0,0,2,0,2,1,0,2,2,2,2,2,0,2,2,1,0,2,1,0],"19":[0,0,2,0,0,0,1,0,0,1,0,1,2,2,1,2,2,0,2,1,1,2,2,2,1,0,0,1,0,0,1,1,0,0,0,0,2,0,1,2,2,0,2,0,2,2,2,2,0,0,0,0]},"West Ham United":{"10":[1,0,2,0,0,0,2,0,1,2,0,0,0,2,2,2,0,0,1,2,2,1,0,0,2,1,0,0,0,2,1,1,1,0,0,2,0,1,2,2,2,1,1,2,2,2,0,0,0,0,0,1],"11":[0,0,2,1,0,1,0,0,0,2,0,0,0,0,2,0,2,1,0,1,2,2,1,2,1,1,0,0,0,2,0,1,0,0,0,2,1,2,2,2,2,1,1,0,0,2,0,0,0,0,0,0],"12":[1,2,0,1,0,0,1,0,1,2,2,2,0,1,2,0,1,1,1,0,2,0,0,2,0,1,0,0,0,0,0,0,1,1,0,0,0,0,2,0,1,0,2,1,2,2,0,0,0,2,2,0],"13":[0,0,0,0,0,1,0,1,0,2,2,0,1,2,2,2,1,1,2,1,0,1,1,0,1,0,0,1,0,0,0,2,0,0,2,0,0,2,2,0,2,2,0,0,0,0,0,0,0,1,1,0],"14":[1,0,2,0,0,0,1,0,0,0,2,1,1,2,2,2,1,0,2,2,2,1,2,0,1,2,2,0,1,1,0,1,0,0,0,0,0,1,0,2,0,1,2,1,1,1,0,0,0,2,1,0],"15":[0,2,2,0,0,0,2,2,0,2,0,1,0,2,2,0,0,0,1,2,2,0,0,0,0,0,0,2,0,0,1,0,1,0,0,2,0,1,2,2,2,2,1,0,1,2,2,1,0,0,2,0],"16":[1,0,2,0,0,0,2,2,1,1,2,2,1,0,2,0,0,0,0,0,2,0,2,2,0,2,0,0,1,0,0,1,1,0,0,0,1,1,2,2,1,0,0,0,0,0,2,1,1,1,2,0],"17":[0,1,1,0,2,0,0,1,2,0,2,0,0,2,2,2,0,0,2,2,1,2,1,0,2,1,0,0,1,2,0,0,0,0,2,0,2,1,0,2,2,2,2,2,0,2,2,1,0,2,1,0],"18":[2,0,1,0,1,2,0,0,2,1,0,2,0,1,2,1,1,2,2,0,1,1,1,2,0,0,0,0,1,2,1,0,0,0,2,0,0,0,0,0,1,0,2,1,0,0,1,2,2,1,2,0],"19":[0,0,2,0,1,1,0,0,1,0,1,1,2,2,2,2,0,0,1,2,0,1,2,2,2,0,2,0,0,0,0,2,0,1,0,2,0,1,0,1,0,0,1,2,2,0,2,2,2,0,0,0]},"Wolverhampton Wanderers":{"17":[0,1,1,2,0,0,1,0,0,0,1,0,2,0,2,2,1,0,1,2,0,2,1,2,0,1,0,1,1,2,0,1,0,0,0,0,2,2,0,1,2,1,2,1,2,2,2,2,2,0,0,0],"18":[0,0,2,0,0,0,1,0,0,1,0,1,2,2,1,2,2,0,2,1,1,2,2,2,1,0,0,1,0,0,1,1,0,0,0,0,2,0,1,2,2,0,2,0,2,2,2,2,0,0,0,0],"19":[0,1,1,0,2,0,0,1,2,0,2,0,0,2,2,2,0,0,2,2,1,2,1,0,2,1,0,0,1,2,0,0,0,0,2,0,2,1,0,2,2,2,2,2,0,2,2,1,0,2,1,0],"20":[1,0,2,0,0,0,2,2,1,1,2,2,1,0,2,0,0,0,0,0,2,0,2,2,0,2,0,0,1,0,0,1,1,0,0,0,1,1,2,2,1,0,0,0,0,0,2,1,1,1,2,0]}},"impossible":{"AFC Bournemouth":[false,true,true,false,false,false,false,false,false,false,false,false,false,false,false,false,false,false,true,true,true],"Arsenal":[false,false,false,false,true,false,true,true,true,true,true,true,true,true,true,true,true,true,true,true,true],"Aston Villa":[false,false,false,false,false,false,false,false,false,false,false,false,false,false,true,true,true,true,true,true,true],"Brentford":[false,true,true,false,false,false,false,false,false,false,false,false,false,false,false,false,false,false,true,true,true],"Brighton & Hove Albion":[false,true,true,false,false,false,false,false,false,false,false,false,false,false,false,false,false,false,true,true,true],"Burnley":[false,true,true,true,true,true,true,true,true,true,true,true,true,true,true,true,true,false,false,false,false],"Chelsea":[false,true,true,false,false,false,false,false,false,false,false,false,false,false,false,false,false,false,true,true,true],"Crystal Palace":[false,true,true,false,false,false,false,false,false,false,false,false,false,false,false,false,false,false,false,true,true],"Everton":[false,true,true,false,false,false,false,false,false,false,false,false,false,false,false,false,false,false,true,true,true],"Fulham":[false,true,true,false,false,false,false,false,false,false,false,false,false,false,false,false,false,false,false,true,true],"Leeds United":[false,true,true,true,true,true,false,false,false,false,false,false,false,false,false,false,false,false,false,true,true],"Liverpool":[false,true,false,false,false,false,false,false,false,false,false,false,false,false,false,true,true,true,true,true,true],"Manchester City":[false,false,false,false,false,false,true,true,true,true,true,true,true,true,true,true,true,true,true,true,true],"Manchester United":[false,false,false,false,false,false,false,false,false,false,false,false,false,false,true,true,true,true,true,true,true],"Newcastle United":[false,true,true,true,true,false,false,false,false,false,false,false,false,false,false,false,false,false,false,true,true],"Nottingham Forest":[false,true,true,true,true,true,false,true,false,false,false,false,false,false,false,false,false,false,false,true,true],"Sunderland":[false,true,true,false,false,false,false,false,false,false,false,false,false,false,false,false,false,false,false,true,true],"Tottenham Hotspur":[false,true,true,true,true,true,true,true,true,true,true,false,false,false,false,false,false,false,false,false,false],"West Ham United":[false,true,true,true,true,true,false,false,true,false,false,false,false,false,false,false,false,false,false,false,false],"Wolverhampton Wanderers":[false,true,true,true,true,true,true,true,true,true,true,true,true,true,true,true,true,false,false,false,false]},"ilpTimeouts":{"AFC Bournemouth":{"17":true},"Arsenal":{"5":true},"Aston Villa":{"10":true,"11":true,"12":true,"13":true},"Brentford":{"17":true},"Brighton & Hove Albion":{"17":true},"Burnley":{},"Chelsea":{"17":true},"Crystal Palace":{"3":true},"Everton":{"17":true},"Fulham":{"3":true,"18":true},"Leeds United":{},"Liverpool":{"13":true,"14":true},"Manchester City":{"5":true},"Manchester United":{"12":true,"13":true},"Newcastle United":{},"Nottingham Forest":{"6":true},"Sunderland":{"18":true},"Tottenham Hotspur":{"11":true,"12":true,"20":true},"West Ham United":{"6":true,"7":true,"9":true,"20":true},"Wolverhampton Wanderers":{}}},{"tier":2,"division":"EFL Championship","teams":["Birmingham City","Blackburn Rovers","Bristol City","Charlton Athletic","Coventry City","Derby County","Hull City","Ipswich Town","Leicester City","Middlesbrough","Millwall","Norwich City","Oxford United","Portsmouth","Preston North End","Queens Park Rangers","Sheffield United","Sheffield Wednesday","Southampton","Stoke City","Swansea City","Watford","West Bromwich Albion","Wrexham"],"basePoints":[57,49,58,50,86,66,69,76,41,73,76,61,44,51,57,58,57,-3,75,55,57,57,49,67],"fixtures":[[0,2,0.4085337918490282,0.2901006785452378,0.301365529605734],[0,14,0.43267517115975274,0.2876199349818557,0.2797048938583916],[1,8,0.5173330829019392,0.27257185612827317,0.21009506096978772],[2,19,0.4799534862473374,0.28039799911610763,0.23964851463655498],[3,6,0.2723726819141193,0.2865632913967763,0.44106402668910444],[3,7,0.15636693883749214,0.2515631034167304,0.5920699577457774],[4,13,0.6184605304351254,0.24247055035036366,0.1390689192145111],[4,23,0.5080518027450213,0.2746850393657929,0.21726315788918577],[5,16,0.43162354871718317,0.2877454007591501,0.28063105052366666],[6,11,0.3497191519687062,0.2924667009254155,0.3578141471058783],[7,15,0.6384636643727611,0.2349988276957351,0.12653750793150378],[8,6,0.23627225778483316,0.27961855753632203,0.48410918467884484],[8,10,0.14447515011356354,0.24545614774647864,0.6100687021399578],[9,17,0.7315036967394091,0.19356520188127752,0.07493110137931341],[9,21,0.5163043271586718,0.2728115634759139,0.2108841093654144],[10,12,0.629452497792985,0.2384267455684574,0.13212075663855766],[11,5,0.4621255620561013,0.28347972410124894,0.2543947138426499],[11,20,0.518361186379622,0.27233093980099,0.20930787381938804],[12,17,0.668886911321149,0.22267089639754437,0.10844219228130673],[12,23,0.28437417233362283,0.28823446515267137,0.42739136251370585],[13,0,0.40330469823399695,0.2905261914471666,0.30616911031883653],[14,18,0.17100864891803103,0.25828702225677785,0.5707043288251912],[15,5,0.319809926909915,0.2914985842065803,0.3886914888835048],[15,20,0.37423377965130644,0.2921393075236426,0.33362691282505097],[16,1,0.48831244203336405,0.2788069206115427,0.2328806373550932],[16,14,0.4956052527679529,0.2773434478724707,0.22705129935957635],[17,22,0.1531700377737033,0.2499810449222812,0.5968489173040155],[18,2,0.6534615850460388,0.22906741847610348,0.11747099647785776],[18,7,0.4442475239471322,0.2861365098390952,0.2696159662137726],[19,10,0.17868143089695676,0.2614900579451165,0.5598285111579268],[19,13,0.3558048826646699,0.2924767937572532,0.3517183235780768],[20,3,0.5142448921208382,0.27328732913605275,0.21246777874310904],[21,4,0.19025912368057313,0.26593852258139694,0.5438023537380299],[22,7,0.21567783843423433,0.27423004309645554,0.5100921184693101],[22,21,0.4663266256694629,0.28279206715548494,0.25088130717505214],[23,9,0.46107483755710665,0.28364797115565654,0.25527719128723686]],"posProbs":{"Birmingham City":[0,0,0,0,0,0,0,0,0.000282,0.045204,0.159212,0.14831,0.13547,0.132622,0.121619,0.10253,0.085127,0.060245,0.008875,0.000495,0.000009,0,0,0,0],"Blackburn Rovers":[0,0,0,0,0,0,0,0,0,0,0,0,0,0,0,0,0,0.001337,0.063909,0.158077,0.282809,0.421369,0.071252,0.001247,0],"Bristol City":[0,0,0,0,0,0,0,0.000021,0.001004,0.046007,0.160793,0.158191,0.161459,0.142919,0.113877,0.095442,0.074708,0.042989,0.002544,0.000046,0,0,0,0,0],"Charlton Athletic":[0,0,0,0,0,0,0,0,0,0,0,0.000001,0.000017,0.000219,0.001355,0.003191,0.004975,0.019367,0.141888,0.22779,0.299508,0.272654,0.029,0.000035,0],"Coventry City":[0,0.997101,0.002899,0,0,0,0,0,0,0,0,0,0,0,0,0,0,0,0,0,0,0,0,0,0],"Derby County":[0,0,0,0,0.000004,0.001914,0.091987,0.299433,0.484289,0.114382,0.007439,0.000536,0.000016,0,0,0,0,0,0,0,0,0,0,0,0],"Hull City":[0,0,0,0.000173,0.005588,0.067725,0.642483,0.212452,0.067587,0.003992,0,0,0,0,0,0,0,0,0,0,0,0,0,0,0],"Ipswich Town":[0,0.002899,0.52551,0.255565,0.16752,0.04733,0.001175,0.000001,0,0,0,0,0,0,0,0,0,0,0,0,0,0,0,0,0],"Leicester City":[0,0,0,0,0,0,0,0,0,0,0,0,0,0,0,0,0,0,0,0.000014,0.000477,0.003509,0.059673,0.936327,0],"Middlesbrough":[0,0,0.009469,0.061609,0.217282,0.636487,0.068127,0.006718,0.000308,0,0,0,0,0,0,0,0,0,0,0,0,0,0,0,0],"Millwall":[0,0,0.306522,0.42201,0.206616,0.062959,0.001884,0.000009,0,0,0,0,0,0,0,0,0,0,0,0,0,0,0,0,0],"Norwich City":[0,0,0,0,0,0,0.002772,0.027139,0.120014,0.587615,0.142103,0.064628,0.033837,0.015144,0.00539,0.001233,0.000121,0.000004,0,0,0,0,0,0,0],"Oxford United":[0,0,0,0,0,0,0,0,0,0,0,0,0,0,0,0,0,0,0.001242,0.007412,0.024854,0.085017,0.81914,0.062335,0],"Portsmouth":[0,0,0,0,0,0,0,0,0,0,0.000003,0.000064,0.000786,0.003431,0.007597,0.014415,0.034482,0.102395,0.324579,0.26978,0.166021,0.073475,0.002972,0,0],"Preston North End":[0,0,0,0,0,0,0,0,0.000066,0.01249,0.061073,0.076759,0.092532,0.116106,0.136765,0.150109,0.180461,0.154821,0.017918,0.000891,0.000009,0,0,0,0],"Queens Park Rangers":[0,0,0,0,0,0,0,0.00004,0.002017,0.041266,0.132785,0.153869,0.157562,0.137726,0.127675,0.123572,0.088634,0.033297,0.001507,0.00005,0,0,0,0,0],"Sheffield United":[0,0,0,0,0,0,0,0,0.001278,0.054903,0.173015,0.172633,0.152656,0.133095,0.111842,0.087448,0.067924,0.041141,0.003903,0.000161,0.000001,0,0,0,0],"Sheffield Wednesday":[0,0,0,0,0,0,0,0,0,0,0,0,0,0,0,0,0,0,0,0,0,0,0,0,1],"Southampton":[0,0,0.1556,0.260641,0.40279,0.172228,0.008568,0.000171,0.000002,0,0,0,0,0,0,0,0,0,0,0,0,0,0,0,0],"Stoke City":[0,0,0,0,0,0,0,0,0,0.0017,0.013106,0.026002,0.043609,0.058687,0.080139,0.123324,0.168133,0.298264,0.14231,0.039517,0.005013,0.000196,0,0,0],"Swansea City":[0,0,0,0,0,0,0,0,0.000429,0.054116,0.10605,0.133403,0.135065,0.139518,0.142605,0.125282,0.096639,0.058136,0.008158,0.000573,0.000026,0,0,0,0],"Watford":[0,0,0,0,0,0,0,0,0.000043,0.009786,0.04422,0.065604,0.086991,0.1205,0.150173,0.166618,0.180686,0.149367,0.024314,0.001663,0.000035,0,0,0,0],"West Bromwich Albion":[0,0,0,0,0,0,0,0,0,0,0,0,0,0.000033,0.000963,0.006836,0.01811,0.038637,0.258853,0.293531,0.221238,0.14378,0.017963,0.000056,0],"Wrexham":[0,0,0,0.000002,0.0002,0.011357,0