{"generated_at":"2026-03-23T23:39:16.725Z","sims":10000000,"season":"2025/2026","last_result_date":"2026-03-22","tiers":[{"tier":1,"division":"Premier League","teams":["AFC Bournemouth","Arsenal","Aston Villa","Brentford","Brighton & Hove Albion","Burnley","Chelsea","Crystal Palace","Everton","Fulham","Leeds United","Liverpool","Manchester City","Manchester United","Newcastle United","Nottingham Forest","Sunderland","Tottenham Hotspur","West Ham United","Wolverhampton Wanderers"],"basePoints":[42,70,54,46,43,20,48,39,46,44,33,49,61,55,42,32,43,30,29,17],"fixtures":[[0,7,0.5090854750211647,0.27445520135609086,0.21645932362274437],[0,10,0.46422647996440336,0.28313882083475916,0.25263469920083753],[0,12,0.2329021190290182,0.2788121526574002,0.48828572831358164],[1,0,0.675588731653461,0.21979770671696272,0.1046135616295762],[1,5,0.8349573757885721,0.13371536529957076,0.03132725891185717],[1,9,0.702208700189149,0.20781682985413688,0.08997446995671411],[1,14,0.6878947782841925,0.21437247517834968,0.09773274653745777],[2,11,0.43793460597156164,0.28696902653098383,0.2750963674974546],[2,16,0.5306445737966983,0.26934767882586286,0.20000774737743898],[2,17,0.702208700189149,0.20781682985413688,0.08997446995671411],[3,7,0.5498651248649726,0.26429377556489786,0.18584109957012948],[3,8,0.44003881119395205,0.2866977220896489,0.27326346671639906],[3,9,0.4883124420333641,0.2788069206115428,0.23288063735509318],[3,18,0.5892131247337361,0.2524952263581333,0.15829164890813058],[4,6,0.38042706409523325,0.29190458412301495,0.32766835178175174],[4,13,0.3356470327995313,0.2922047839535766,0.37214818324689214],[4,19,0.5824497580259458,0.2546613158652677,0.16288892610878655],[5,2,0.14753719147247582,0.24708764012370046,0.6053751684038238],[5,4,0.18296525751997764,0.2631884890844642,0.5538462533955582],[5,12,0.08274980638299866,0.2012468057830872,0.7160033878339142],[5,19,0.3267043306011281,0.2918607209261684,0.3814349484727036],[6,12,0.2606291584840131,0.28463038576596067,0.45474045575002625],[6,13,0.36601339698942553,0.29235733308646905,0.34162926992410547],[6,15,0.5367462437151583,0.267794111696434,0.19545964458840773],[6,17,0.6838306719218926,0.21618563658629114,0.09998369149181635],[7,1,0.11390380442567365,0.22660147868797179,0.6594947168863546],[7,8,0.30426842899794343,0.2903630848604193,0.40536848614163734],[7,14,0.3316619477922409,0.2920687934431464,0.3762692587646127],[7,18,0.4537157112067899,0.2847841587712682,0.2615001300219419],[8,11,0.39391725802565153,0.2911878621010665,0.3148948798732821],[8,12,0.2439568540289928,0.2813520175923112,0.47469112837869604],[8,16,0.4872689059004659,0.27901060334563915,0.23372049075389495],[9,0,0.37732758328520605,0.2920295596916966,0.33064285702309737],[9,2,0.32177410631834935,0.29161046298394994,0.3866154306977007],[9,14,0.39287643783689685,0.29125305743074176,0.31587050473236145],[10,4,0.3578402243656628,0.29246652641758003,0.3496932492167572],[10,5,0.6119611693506697,0.24479053722464889,0.14324829342468154],[10,19,0.5306445737966983,0.26934767882586286,0.20000774737743898],[11,3,0.40121566690975546,0.29068484680143913,0.30809948628880546],[11,6,0.40958064719099285,0.29001064387779296,0.3004087089312141],[11,7,0.5397863335815449,0.26700238727893294,0.1932112791395222],[11,9,0.4778602142047815,0.28078191587551565,0.24135786991970287],[12,1,0.3257160597885461,0.2918140392495853,0.3824699009618686],[12,2,0.5468506054498357,0.26511738469209617,0.18803200985806814],[12,3,0.5618403204449377,0.2609087611809758,0.17725091837408652],[12,7,0.6830132880126941,0.2165477434907959,0.10043896849650999],[13,3,0.4495081655767105,0.28540041150899237,0.2650914229142971],[13,10,0.5428189861369991,0.26620091208049806,0.19098010178250285],[13,11,0.460023948880117,0.2838147428608006,0.2561613082590824],[13,15,0.5805072493068114,0.25527286766503243,0.16421988302815616],[14,0,0.396000305600724,0.2910524642687747,0.31294723013050135],[14,4,0.39391725802565153,0.29118786210106645,0.3148948798732819],[14,18,0.5347154862679622,0.26831643301323477,0.1969680807188031],[15,0,0.32177410631834946,0.29161046298394994,0.3866154306977006],[15,2,0.2696392356921809,0.2861401806859808,0.44422058362183825],[15,5,0.5756317824329612,0.2567869945472457,0.16758122301979317],[15,14,0.336645868175446,0.29223454205720406,0.37111958976734993],[16,6,0.31882956616739194,0.2914401272385722,0.3897303065940359],[16,13,0.2769588810306513,0.28723744535120366,0.4358036736181451],[16,15,0.44214314361654417,0.2864202070504876,0.27143664933296824],[16,17,0.6035131977833987,0.2477272498927245,0.1487595523238767],[17,4,0.18296525751997764,0.2631884890844642,0.5538462533955582],[17,8,0.17516474658854572,0.2600481178015723,0.564787135609882],[17,10,0.22296211103611502,0.2762640201500589,0.5007738688138261],[18,1,0.09509827453217305,0.212200863472726,0.692700861995101],[18,8,0.2669197027339579,0.28570322462574804,0.44737707264029397],[18,10,0.32670433060112813,0.2918607209261684,0.38143494847270354],[18,19,0.4442475239471322,0.2861365098390952,0.2696159662137726],[19,9,0.2806547832122305,0.2877485924677322,0.43159662432003726],[19,16,0.3052304712960173,0.29044649964315233,0.40432302906083034],[19,17,0.49872385076534775,0.2766963293650281,0.2245798198696241]],"posProbs":{"AFC Bournemouth":[0,0,0,0.0000178,0.0001554,0.0031987,0.0122588,0.028845,0.0540824,0.0854791,0.120873,0.1532143,0.1841025,0.2030616,0.115868,0.0343138,0.0044733,0.0000563,0,0,0],"Arsenal":[0,0.9760489,0.0239476,0.0000035,0,0,0,0,0,0,0,0,0,0,0,0,0,0,0,0,0],"Aston Villa":[0,1e-7,0.0204592,0.3965263,0.4458291,0.0993268,0.027003,0.0078905,0.002281,0.0005677,0.0001066,0.0000096,1e-7,0,0,0,0,0,0,0,0],"Brentford":[0,0,0.0000094,0.0032855,0.0205328,0.1118489,0.1623273,0.181338,0.1653904,0.1328626,0.097059,0.0653997,0.0379784,0.0174409,0.0041911,0.0003354,6e-7,0,0,0,0],"Brighton & Hove Albion":[0,0,0,0.0004222,0.0044071,0.036462,0.0772748,0.1135062,0.1450472,0.1602396,0.148982,0.1273827,0.0994152,0.0623284,0.020901,0.0034759,0.0001556,1e-7,0,0,0],"Burnley":[0,0,0,0,0,0,0,0,0,0,0,0,0,0,0,2e-7,0.0000855,0.0007304,0.0060434,0.4603601,0.5327804],"Chelsea":[0,0,0.0001019,0.0150473,0.0633716,0.2450664,0.2358761,0.1716993,0.114558,0.0737072,0.0430538,0.0237936,0.0102743,0.0030987,0.0003302,0.0000216,0,0,0,0,0],"Crystal Palace":[0,0,0,1e-7,0.0000216,0.0002762,0.0010789,0.0031482,0.0068185,0.0136893,0.0258945,0.0472813,0.0843741,0.1650046,0.4026402,0.2010935,0.0445464,0.0039607,0.0001719,0,0],"Everton":[0,0,9e-7,0.0026407,0.0198589,0.1187111,0.1673772,0.1782214,0.1623028,0.1310035,0.0954297,0.0638247,0.0386481,0.0173267,0.0043886,0.000265,7e-7,0,0,0,0],"Fulham":[0,0,0,0.000156,0.0012379,0.01088,0.0295536,0.053897,0.08504,0.1168934,0.1463461,0.1642652,0.169819,0.152903,0.0592818,0.0092939,0.0004322,9e-7,0,0,0],"Leeds United":[0,0,0,0,0,0,0,0.0000227,0.0001526,0.0007322,0.0025759,0.0067967,0.0191174,0.0513495,0.1840556,0.4636864,0.2075568,0.0513598,0.0125585,0.0000359,0],"Liverpool":[0,0,0.0001431,0.0265139,0.087497,0.2778623,0.2140656,0.1575307,0.1054589,0.0646987,0.0371112,0.0185582,0.0080585,0.0021902,0.0003109,8e-7,0,0,0,0,0],"Manchester City":[0,0.0239509,0.9310164,0.0389086,0.0059967,0.0001262,0.0000012,0,0,0,0,0,0,0,0,0,0,0,0,0,0],"Manchester United":[0,1e-7,0.0243215,0.5162943,0.3491285,0.0781145,0.0226979,0.0070022,0.0018195,0.0004979,0.0001073,0.0000163,0,0,0,0,0,0,0,0,0],"Newcastle United":[0,0,0,0.0000031,0.0002552,0.005069,0.0171968,0.0384556,0.0679939,0.0990055,0.1307403,0.1564723,0.1746313,0.1841654,0.1001924,0.0230147,0.0027657,0.0000388,0,0,0],"Nottingham Forest":[0,0,0,0,0,0,0,0,0.0000012,0.0000576,0.0002764,0.0009211,0.0028715,0.0104594,0.0505789,0.2010887,0.5128261,0.1724575,0.0482404,0.000221,2e-7],"Sunderland":[0,0,0,0.0001807,0.0017082,0.0130579,0.0332888,0.0584432,0.0890536,0.1205657,0.1514439,0.1720634,0.170636,0.1300838,0.0495724,0.0089721,0.0009276,0.0000027,0,0,0],"Tottenham Hotspur":[0,0,0,0,0,0,0,0,0,0,1e-7,3e-7,0.0000177,0.0001637,0.0017647,0.0187925,0.0860913,0.3368135,0.5420048,0.0142062,0.0001452],"West Ham United":[0,0,0,0,0,0,0,0,0,0,2e-7,6e-7,0.0000559,0.0004241,0.0059242,0.0356295,0.1400334,0.431118,0.3745184,0.0121234,0.0001723],"Wolverhampton Wanderers":[0,0,0,0,0,0,0,0,0,0,0,0,0,0,0,0.000016,0.0001048,0.0034613,0.0164626,0.5130534,0.4669019]},"examples":{"AFC Bournemouth":{"3":[0,0,0,2,1,2,1,1,0,2,0,2,0,2,0,2,0,2,0,2,0,2,0,0,0,2,1,2,2,0,1,2,2,1,0,2,1,0,0,2,0,1,2,0,1,0,0,1,2,2,2,1,0,2,0,1,2,1,0,0,1,1,1,0,2,0,1,1,1,2,2],"4":[0,0,0,2,0,1,1,1,2,1,1,0,0,0,2,0,0,2,1,2,1,0,0,2,0,2,1,2,0,0,1,0,2,2,1,2,1,0,2,0,0,2,0,0,1,0,0,0,0,0,2,2,0,2,1,0,0,2,2,0,0,1,2,1,0,2,2,1,2,0,0],"5":[0,0,0,0,0,0,0,1,1,0,1,1,0,2,1,2,1,2,2,2,1,1,0,2,1,0,1,2,2,0,2,1,2,1,1,1,1,0,1,0,2,2,1,0,0,2,0,1,2,0,0,2,0,2,2,0,2,0,2,0,0,2,1,2,2,0,0,0,1,1,0],"6":[0,0,0,1,2,0,0,2,0,1,0,1,1,1,0,2,0,0,1,2,2,2,2,2,2,2,1,1,0,1,2,0,0,1,2,2,0,1,0,2,1,2,1,2,0,0,2,2,0,0,1,1,0,2,2,0,2,1,2,2,2,0,2,1,2,1,0,0,2,0,0],"7":[0,0,0,2,0,0,1,2,0,0,1,2,0,0,2,0,0,2,0,1,2,1,2,0,0,1,0,0,0,0,2,0,2,0,1,1,2,2,2,0,1,1,2,0,0,0,0,1,1,2,1,0,0,0,2,1,2,2,2,2,1,0,2,2,2,2,2,2,2,2,1],"8":[2,2,0,0,0,0,0,1,0,0,0,1,2,0,0,2,2,0,2,2,1,0,2,0,0,1,0,2,2,1,2,1,2,2,0,0,0,0,0,2,0,0,2,1,0,0,2,0,1,0,2,1,0,2,2,1,2,1,2,1,2,2,2,2,2,1,0,0,2,1,0],"9":[0,0,2,1,0,0,0,0,0,0,0,2,2,1,0,1,0,2,2,1,0,1,0,0,0,2,2,2,1,2,0,1,0,2,2,2,0,0,0,0,1,2,0,2,1,0,0,2,1,2,1,2,1,2,2,1,0,2,0,0,1,0,2,0,2,1,2,0,0,0,1],"10":[0,1,1,0,0,0,0,2,0,1,2,0,2,2,2,1,1,2,1,2,2,2,1,1,0,2,1,2,1,1,2,2,2,1,1,1,0,1,0,0,0,2,0,0,2,0,0,0,0,2,0,0,1,2,2,1,2,0,1,0,1,2,0,2,0,1,1,0,2,1,2],"11":[2,0,1,2,0,1,0,1,1,1,0,1,0,2,1,2,2,2,1,2,2,2,2,0,0,2,1,0,2,0,2,1,0,2,2,2,0,1,1,0,0,1,2,0,1,0,0,0,1,0,0,2,0,2,2,1,0,0,0,2,0,2,1,1,2,0,2,2,0,1,1],"12":[1,1,0,0,1,0,0,1,0,0,2,0,2,2,1,2,0,1,2,2,1,2,1,2,1,2,2,1,0,0,0,1,0,1,2,2,0,0,1,0,0,1,2,0,2,1,2,0,0,1,1,0,0,2,1,2,0,0,0,0,2,2,1,2,2,2,2,0,0,0,2],"13":[0,2,2,1,0,0,1,2,1,0,0,1,0,2,1,1,0,2,0,2,2,0,0,0,0,0,0,1,2,0,2,1,0,1,0,0,0,0,0,1,0,2,0,0,1,2,2,0,1,0,0,2,0,2,2,0,0,1,1,1,2,0,1,2,2,1,2,0,1,0,2],"14":[1,1,2,0,0,1,0,0,0,0,0,2,2,2,2,1,0,2,0,2,2,2,1,1,1,2,0,1,0,0,2,2,1,0,0,1,1,0,1,2,0,0,1,0,0,0,1,0,0,0,0,1,0,0,2,0,2,0,0,0,0,1,2,0,2,1,2,0,2,0,2],"15":[2,1,0,0,0,0,0,0,0,1,2,0,2,0,2,0,0,1,0,1,1,1,2,1,0,2,1,1,0,0,2,2,0,0,1,1,0,0,0,0,0,2,1,1,0,0,1,2,1,1,1,1,0,0,0,0,1,0,2,0,0,2,1,2,0,0,2,1,1,0,0],"16":[2,2,1,1,1,0,0,1,0,1,0,1,0,0,1,1,0,1,0,2,1,2,0,2,1,0,0,2,2,1,1,0,0,1,1,0,1,0,2,2,0,1,1,2,0,1,2,1,0,0,0,1,2,0,1,0,2,1,0,0,0,1,2,1,0,0,0,2,0,1,0],"17":[2,2,2,0,0,0,1,1,1,1,0,0,1,2,1,0,1,1,0,2,1,0,2,1,0,2,1,1,2,0,1,0,0,0,0,2,0,1,0,1,1,0,0,0,0,2,0,1,2,1,0,0,1,0,1,0,1,0,1,1,2,2,2,1,2,0,1,0,1,2,0]},"Arsenal":{"1":[0,2,2,1,0,0,1,2,1,0,0,1,0,2,1,1,0,2,0,2,2,0,0,0,0,0,0,1,2,0,2,1,0,1,0,0,0,0,0,1,0,2,0,0,1,2,2,0,1,0,0,2,0,2,2,0,0,1,1,1,2,0,1,2,2,1,2,0,1,0,2],"2":[2,0,2,1,0,0,2,1,2,0,0,1,0,0,0,0,2,2,2,1,2,2,0,0,0,2,1,1,1,0,2,0,2,0,2,0,2,0,2,0,0,0,0,0,0,0,0,0,0,1,0,2,0,2,1,0,0,2,2,0,0,2,1,1,2,0,0,1,2,2,0],"3":[0,2,1,1,1,2,1,1,0,0,0,2,1,0,0,2,2,2,1,2,0,1,2,0,1,0,2,2,0,1,0,0,0,0,1,1,0,2,2,0,0,2,0,0,0,0,0,0,0,0,2,1,0,0,0,1,0,2,2,2,0,2,0,1,1,2,2,1,1,0,0]},"Aston Villa":{"1":[1,1,0,1,1,2,1,0,0,0,2,2,1,1,2,0,2,2,1,2,2,0,2,1,0,1,0,2,2,0,2,0,0,2,0,1,1,0,0,2,0,0,0,2,1,0,0,1,2,0,0,2,2,0,2,1,1,1,2,0,0,2,2,0,0,2,2,2,2,2,1],"2":[0,0,2,1,0,0,0,0,0,0,0,2,2,1,0,1,0,2,2,1,0,1,0,0,0,2,2,2,1,2,0,1,0,2,2,2,0,0,0,0,1,2,0,2,1,0,0,2,1,2,1,2,1,2,2,1,0,2,0,0,1,0,2,0,2,1,2,0,0,0,1],"3":[0,2,2,1,0,0,1,2,1,0,0,1,0,2,1,1,0,2,0,2,2,0,0,0,0,0,0,1,2,0,2,1,0,1,0,0,0,0,0,1,0,2,0,0,1,2,2,0,1,0,0,2,0,2,2,0,0,1,1,1,2,0,1,2,2,1,2,0,1,0,2],"4":[0,0,1,0,1,0,2,1,0,0,0,2,0,2,0,1,2,1,1,0,2,2,2,2,2,2,0,0,0,2,1,0,0,0,2,0,1,1,2,2,2,0,0,0,0,0,0,0,0,0,2,1,2,0,2,1,0,0,2,1,1,2,0,2,2,2,1,0,0,2,1],"5":[2,1,2,0,0,0,0,0,0,0,0,2,1,2,2,0,1,2,2,0,1,1,0,0,0,0,0,1,0,0,1,2,1,0,1,0,0,0,2,2,0,0,2,0,2,0,1,0,0,0,0,2,0,2,0,0,2,2,1,1,2,2,1,1,2,1,2,2,0,2,1],"6":[1,0,1,0,0,0,1,1,0,0,1,2,0,1,1,1,1,0,2,2,2,2,0,0,0,1,1,2,0,1,0,0,1,0,0,0,1,2,1,1,2,0,1,0,0,1,0,1,2,0,1,1,2,0,1,1,2,2,0,0,0,0,2,2,2,2,2,0,1,2,0],"7":[1,0,2,1,0,1,0,0,2,2,2,0,0,1,2,2,0,0,2,2,2,0,2,0,0,2,0,2,0,2,1,0,0,0,2,1,1,1,2,0,0,2,2,1,1,1,2,2,2,0,0,2,1,0,0,0,0,1,0,2,1,2,2,2,2,1,0,0,2,2,0],"8":[2,1,1,0,0,0,0,2,2,0,0,2,0,2,2,2,1,1,2,1,1,0,2,0,0,2,0,1,0,1,2,0,1,0,2,1,0,0,1,0,0,2,0,0,0,1,2,0,2,0,2,1,2,0,1,0,2,0,0,0,1,0,2,2,2,2,0,0,2,2,1],"9":[0,0,1,0,0,0,0,2,2,1,0,2,1,1,1,0,0,0,2,2,1,0,2,2,0,0,0,0,1,0,0,0,2,0,1,1,1,0,2,0,0,0,2,0,1,2,2,0,2,0,0,0,1,2,1,0,2,1,1,2,2,2,1,2,1,2,2,2,2,1,2],"10":[0,2,1,0,0,2,0,2,2,1,1,2,0,1,2,1,1,0,0,2,2,2,2,0,2,2,2,2,1,0,1,2,0,0,1,1,0,1,0,2,0,1,2,0,0,0,0,0,2,0,2,0,0,1,0,0,2,1,1,0,0,2,1,1,2,0,0,0,1,1,1],"11":[1,1,0,0,0,2,0,2,2,1,0,0,0,1,0,0,0,0,2,2,2,2,2,0,1,2,0,2,2,0,2,0,2,0,0,0,0,0,1,0,2,0,0,0,0,0,0,0,0,1,2,1,0,2,1,1,0,1,0,0,0,0,2,2,2,2,1,0,2,2,0],"12":[0,0,0,0,1,0,0,2,2,2,1,0,0,1,0,1,1,0,2,2,1,0,2,0,1,1,2,2,0,1,0,0,2,0,2,0,1,1,2,0,0,2,2,0,1,1,1,0,2,1,2,1,0,1,0,0,2,0,2,1,0,2,2,0,2,1,1,0,2,2,0]},"Brentford":{"2":[1,0,1,0,0,2,0,1,2,0,0,0,0,0,0,1,0,0,2,1,0,1,2,2,0,2,2,2,2,1,0,1,2,1,0,1,0,0,1,2,2,1,2,2,2,1,2,0,1,1,0,1,1,0,2,0,2,1,0,0,0,2,2,1,2,0,2,1,1,1,1],"3":[1,0,1,0,0,1,1,1,1,1,0,1,0,0,2,2,2,2,1,2,2,2,0,0,1,1,1,1,0,0,0,0,0,1,2,0,0,0,2,1,1,0,1,0,2,0,2,1,0,2,2,2,0,1,2,1,2,1,1,2,2,2,2,2,2,2,2,0,2,1,0],"4":[1,2,0,1,0,1,0,0,1,0,0,0,0,1,0,0,0,2,1,2,0,1,1,0,1,2,0,1,1,0,0,1,1,2,2,1,0,1,2,0,2,1,1,0,2,1,1,1,1,1,2,0,2,2,2,0,0,2,0,0,0,2,2,1,2,0,1,0,1,0,1],"5":[2,1,0,0,0,0,1,0,0,1,0,0,1,0,0,2,0,2,2,2,0,2,1,0,0,2,0,1,0,0,2,0,0,2,2,0,0,0,1,0,1,1,1,0,0,0,1,0,1,1,1,1,2,2,2,0,2,1,2,0,1,2,2,1,2,1,1,2,0,1,0],"6":[2,1,2,0,0,0,0,0,0,0,0,2,1,2,2,0,1,2,2,0,1,1,0,0,0,0,0,1,0,0,1,2,1,0,1,0,0,0,2,2,0,0,2,0,2,0,1,0,0,0,0,2,0,2,0,0,2,2,1,1,2,2,1,1,2,1,2,2,0,2,1],"7":[0,2,2,1,0,0,1,2,1,0,0,1,0,2,1,1,0,2,0,2,2,0,0,0,0,0,0,1,2,0,2,1,0,1,0,0,0,0,0,1,0,2,0,0,1,2,2,0,1,0,0,2,0,2,2,0,0,1,1,1,2,0,1,2,2,1,2,0,1,0,2],"8":[1,1,0,0,1,0,0,1,0,0,2,0,2,2,1,2,0,1,2,2,1,2,1,2,1,2,2,1,0,0,0,1,0,1,2,2,0,0,1,0,0,1,2,0,2,1,2,0,0,1,1,0,0,2,1,2,0,0,0,0,2,2,1,2,2,2,2,0,0,0,2],"9":[0,1,0,1,0,0,0,0,0,0,0,0,2,1,0,2,0,2,2,2,0,2,1,0,0,2,2,2,1,1,2,0,1,0,0,1,0,0,1,2,0,2,1,0,1,0,1,2,2,1,1,0,1,2,2,1,2,2,0,1,1,1,2,2,1,0,2,0,1,1,1],"10":[2,1,0,0,0,0,0,0,0,1,2,0,2,0,2,0,0,1,0,1,1,1,2,1,0,2,1,1,0,0,2,2,0,0,1,1,0,0,0,0,0,2,1,1,0,0,1,2,1,1,1,1,0,0,0,0,1,0,2,0,0,2,1,2,0,0,2,1,1,0,0],"11":[1,1,2,0,0,1,0,0,0,0,0,2,2,2,2,1,0,2,0,2,2,2,1,1,1,2,0,1,0,0,2,2,1,0,0,1,1,0,1,2,0,0,1,0,0,0,1,0,0,0,0,1,0,0,2,0,2,0,0,0,0,1,2,0,2,1,2,0,2,0,2],"12":[0,0,1,1,0,0,0,1,0,0,2,2,2,1,0,2,0,2,0,2,2,0,2,1,2,2,2,0,0,0,2,0,1,0,0,2,0,2,2,0,0,1,2,1,0,0,1,0,0,0,2,0,0,1,2,2,0,2,0,0,0,1,2,0,1,1,0,2,2,1,2],"13":[0,1,0,2,0,0,0,1,0,2,2,1,2,1,1,2,0,2,2,2,0,0,2,1,0,2,1,0,2,2,1,1,0,2,0,1,1,1,0,1,2,1,2,1,1,0,0,0,1,0,2,1,0,1,2,1,1,2,0,0,0,2,1,2,1,2,0,0,2,2,0],"14":[1,0,0,2,0,1,2,0,1,0,2,2,2,2,0,1,1,2,2,2,0,1,1,0,0,1,1,0,0,2,0,0,2,2,1,0,2,0,0,1,2,2,0,0,0,2,1,0,0,0,0,0,2,1,2,1,1,1,0,0,1,1,2,0,2,2,2,0,0,0,0],"15":[0,2,0,1,0,1,0,0,2,0,1,2,2,2,1,0,0,0,1,2,2,1,1,0,0,1,0,1,0,2,0,1,0,0,0,2,0,0,1,1,2,0,1,2,0,1,0,1,0,2,0,0,0,2,2,0,0,2,2,1,1,2,2,2,2,2,2,1,2,2,0],"16":[1,1,0,0,1,0,0,2,0,1,2,2,2,1,0,0,0,1,2,2,2,0,0,2,0,2,2,0,0,2,2,2,2,0,1,0,0,0,0,2,0,2,0,2,0,0,0,0,1,0,0,1,1,2,0,0,0,2,2,2,2,1,1,2,2,2,2,0,2,1,1]},"Brighton & Hove Albion":{"3":[0,0,2,0,0,0,0,2,0,2,0,0,0,0,0,0,0,1,2,2,1,0,1,2,1,2,0,0,0,0,2,0,1,0,1,2,0,2,1,1,1,1,2,0,0,0,0,0,2,2,0,1,0,1,2,2,1,1,0,1,0,2,0,2,2,1,2,1,0,1,0],"4":[1,0,1,0,0,0,0,0,2,1,1,0,0,0,0,1,0,0,2,2,2,0,0,1,1,2,0,1,2,2,2,1,2,1,2,1,1,1,1,1,0,2,2,0,0,0,1,1,2,0,1,2,1,2,1,2,2,1,2,0,0,2,2,1,2,0,1,1,1,1,0],"5":[1,2,0,0,0,0,0,0,2,1,2,0,2,0,0,2,0,2,2,1,0,2,2,2,0,2,1,2,0,0,2,1,2,1,2,2,0,2,1,2,1,0,2,1,0,0,2,0,1,2,2,1,2,0,1,1,0,1,0,1,0,2,1,0,2,0,0,0,0,2,2],"6":[0,0,2,2,0,0,0,0,0,1,1,0,2,0,0,0,0,1,2,2,1,1,2,2,0,2,0,1,1,2,2,0,1,0,0,2,0,0,0,0,0,0,1,0,2,0,2,1,0,2,2,1,0,0,0,0,0,2,2,1,0,1,2,2,2,2,0,1,1,2,0],"7":[1,1,0,0,1,0,0,1,0,0,2,0,2,2,1,2,0,1,2,2,1,2,1,2,1,2,2,1,0,0,0,1,0,1,2,2,0,0,1,0,0,1,2,0,2,1,2,0,0,1,1,0,0,2,1,2,0,0,0,0,2,2,1,2,2,2,2,0,0,0,2],"8":[0,0,2,1,0,0,0,0,0,0,0,2,2,1,0,1,0,2,2,1,0,1,0,0,0,2,2,2,1,2,0,1,0,2,2,2,0,0,0,0,1,2,0,2,1,0,0,2,1,2,1,2,1,2,2,1,0,2,0,0,1,0,2,0,2,1,2,0,0,0,1],"9":[2,1,0,0,0,0,0,0,0,1,2,0,2,0,2,0,0,1,0,1,1,1,2,1,0,2,1,1,0,0,2,2,0,0,1,1,0,0,0,0,0,2,1,1,0,0,1,2,1,1,1,1,0,0,0,0,1,0,2,0,0,2,1,2,0,0,2,1,1,0,0],"10":[2,2,0,0,0,0,0,1,0,0,0,1,2,0,0,2,2,0,2,2,1,0,2,0,0,1,0,2,2,1,2,1,2,2,0,0,0,0,0,2,0,0,2,1,0,0,2,0,1,0,2,1,0,2,2,1,2,1,2,1,2,2,2,2,2,1,0,0,2,1,0],"11":[0,2,2,1,0,0,1,2,1,0,0,1,0,2,1,1,0,2,0,2,2,0,0,0,0,0,0,1,2,0,2,1,0,1,0,0,0,0,0,1,0,2,0,0,1,2,2,0,1,0,0,2,0,2,2,0,0,1,1,1,2,0,1,2,2,1,2,0,1,0,2],"12":[1,1,2,0,0,1,0,0,0,0,0,2,2,2,2,1,0,2,0,2,2,2,1,1,1,2,0,1,0,0,2,2,1,0,0,1,1,0,1,2,0,0,1,0,0,0,1,0,0,0,0,1,0,0,2,0,2,0,0,0,0,1,2,0,2,1,2,0,2,0,2],"13":[0,0,0,2,0,0,1,2,0,0,1,2,0,0,2,0,0,2,0,1,2,1,2,0,0,1,0,0,0,0,2,0,2,0,1,1,2,2,2,0,1,1,2,0,0,0,0,1,1,2,1,0,0,0,2,1,2,2,2,2,1,0,2,2,2,2,2,2,2,2,1],"14":[0,0,2,0,0,0,1,1,2,0,1,1,0,0,1,2,2,2,0,2,2,2,0,0,0,2,1,2,0,2,0,0,0,1,0,1,0,2,1,1,2,2,2,1,2,0,1,1,2,0,0,0,0,2,2,1,0,0,1,0,0,1,0,0,2,0,1,2,0,1,1],"15":[0,2,1,0,0,1,1,1,2,0,1,0,2,1,1,2,2,2,2,2,1,1,0,0,0,1,0,2,0,0,2,1,2,2,2,0,0,2,1,1,2,1,1,1,1,0,0,0,0,0,0,0,0,2,1,2,1,0,2,0,0,1,0,2,2,1,2,1,0,2,1],"16":[0,1,2,0,0,0,0,0,1,1,1,0,0,1,2,2,1,2,0,0,2,0,0,0,0,2,2,1,0,1,1,2,0,1,0,0,1,2,1,1,2,2,0,1,0,2,1,2,0,2,0,0,2,0,0,0,0,1,1,0,0,0,2,2,2,0,1,2,2,0,0],"17":[0,1,2,2,0,0,0,1,0,1,2,1,1,2,2,2,2,2,0,2,1,1,0,0,0,2,0,2,2,1,0,0,2,2,1,0,0,1,2,0,0,0,0,0,1,1,0,2,1,0,2,0,0,0,0,2,0,1,2,2,1,0,1,2,1,1,0,0,1,1,1]},"Burnley":{"15":[0,1,2,0,2,2,0,0,1,0,0,1,0,0,0,1,0,0,0,2,0,0,2,0,0,2,0,1,2,2,2,0,0,1,0,1,2,1,1,1,1,0,2,0,1,0,1,1,0,0,2,0,0,1,1,2,1,2,1,0,1,0,2,0,2,2,0,0,0,0,1],"16":[2,0,2,0,1,0,0,2,0,1,0,1,0,0,2,2,0,0,1,0,0,2,0,0,0,1,2,1,0,1,2,0,1,1,1,1,2,1,1,1,1,0,2,0,0,0,0,0,0,0,2,2,1,2,0,2,2,2,2,0,0,2,1,2,2,2,2,0,2,2,0],"17":[0,0,1,0,2,0,0,1,0,0,2,2,0,0,2,2,1,0,1,0,0,2,1,2,0,1,0,2,0,0,2,0,2,0,0,0,1,0,1,2,0,0,1,0,1,0,2,1,1,0,0,1,0,1,2,1,2,0,2,1,0,2,2,2,2,1,2,0,1,2,1],"18":[0,1,2,1,0,0,1,1,1,0,0,0,0,1,2,0,0,0,1,0,1,1,1,0,0,0,1,0,0,0,2,2,1,1,2,0,2,1,0,0,2,1,2,1,0,1,1,0,0,0,0,0,1,1,0,0,0,2,2,2,0,2,2,2,2,2,2,0,2,1,1],"19":[1,1,2,0,0,1,0,0,0,0,0,2,2,2,2,1,0,2,0,2,2,2,1,1,1,2,0,1,0,0,2,2,1,0,0,1,1,0,1,2,0,0,1,0,0,0,1,0,0,0,0,1,0,0,2,0,2,0,0,0,0,1,2,0,2,1,2,0,2,0,2],"20":[0,2,2,1,0,0,1,2,1,0,0,1,0,2,1,1,0,2,0,2,2,0,0,0,0,0,0,1,2,0,2,1,0,1,0,0,0,0,0,1,0,2,0,0,1,2,2,0,1,0,0,2,0,2,2,0,0,1,1,1,2,0,1,2,2,1,2,0,1,0,2]},"Chelsea":{"2":[0,2,1,0,0,0,0,1,2,0,0,0,2,1,1,0,1,0,1,2,1,0,0,0,0,2,1,2,1,0,0,1,0,2,2,1,0,2,0,2,0,2,2,2,1,1,0,0,1,1,0,0,1,0,1,1,2,2,1,1,0,1,2,2,2,2,0,2,0,0,1],"3":[2,1,2,0,0,0,0,0,0,0,0,2,1,2,2,0,1,2,2,0,1,1,0,0,0,0,0,1,0,0,1,2,1,0,1,0,0,0,2,2,0,0,2,0,2,0,1,0,0,0,0,2,0,2,0,0,2,2,1,1,2,2,1,1,2,1,2,2,0,2,1],"4":[0,0,2,1,0,0,0,0,0,0,0,2,2,1,0,1,0,2,2,1,0,1,0,0,0,2,2,2,1,2,0,1,0,2,2,2,0,0,0,0,1,2,0,2,1,0,0,2,1,2,1,2,1,2,2,1,0,2,0,0,1,0,2,0,2,1,2,0,0,0,1],"5":[0,2,2,1,0,0,1,2,1,0,0,1,0,2,1,1,0,2,0,2,2,0,0,0,0,0,0,1,2,0,2,1,0,1,0,0,0,0,0,1,0,2,0,0,1,2,2,0,1,0,0,2,0,2,2,0,0,1,1,1,2,0,1,2,2,1,2,0,1,0,2],"6":[2,2,0,0,0,0,0,1,0,0,0,1,2,0,0,2,2,0,2,2,1,0,2,0,0,1,0,2,2,1,2,1,2,2,0,0,0,0,0,2,0,0,2,1,0,0,2,0,1,0,2,1,0,2,2,1,2,1,2,1,2,2,2,2,2,1,0,0,2,1,0],"7":[1,1,2,0,0,1,0,0,0,0,0,2,2,2,2,1,0,2,0,2,2,2,1,1,1,2,0,1,0,0,2,2,1,0,0,1,1,0,1,2,0,0,1,0,0,0,1,0,0,0,0,1,0,0,2,0,2,0,0,0,0,1,2,0,2,1,2,0,2,0,2],"8":[0,0,2,0,0,1,0,2,0,0,0,1,0,0,1,0,2,1,2,2,0,0,2,2,1,1,1,2,2,0,2,0,2,1,0,2,1,0,2,1,1,2,0,1,0,2,0,0,2,2,1,1,0,0,2,2,0,1,2,0,0,0,2,1,1,0,2,2,0,1,1],"9":[2,1,0,0,0,0,1,0,0,1,0,0,1,0,0,2,0,2,2,2,0,2,1,0,0,2,0,1,0,0,2,0,0,2,2,0,0,0,1,0,1,1,1,0,0,0,1,0,1,1,1,1,2,2,2,0,2,1,2,0,1,2,2,1,2,1,1,2,0,1,0],"10":[0,0,2,2,0,0,0,0,0,1,1,0,2,0,0,0,0,1,2,2,1,1,2,2,0,2,0,1,1,2,2,0,1,0,0,2,0,0,0,0,0,0,1,0,2,0,2,1,0,2,2,1,0,0,0,0,0,2,2,1,0,1,2,2,2,2,0,1,1,2,0],"11":[1,2,2,0,2,0,0,0,2,1,1,0,1,0,1,1,0,2,0,2,1,1,2,2,0,2,2,0,2,1,2,0,1,1,1,0,1,1,0,0,0,2,2,0,0,1,1,2,2,0,0,1,0,2,0,2,2,0,1,0,1,2,1,2,2,1,1,1,2,0,1],"12":[0,0,1,0,1,0,2,1,0,0,0,2,0,2,0,1,2,1,1,0,2,2,2,2,2,2,0,0,0,2,1,0,0,0,2,0,1,1,2,2,2,0,0,0,0,0,0,0,0,0,2,1,2,0,2,1,0,0,2,1,1,2,0,2,2,2,1,0,0,2,1],"13":[1,1,0,0,1,0,0,1,0,0,2,0,2,2,1,2,0,1,2,2,1,2,1,2,1,2,2,1,0,0,0,1,0,1,2,2,0,0,1,0,0,1,2,0,2,1,2,0,0,1,1,0,0,2,1,2,0,0,0,0,2,2,1,2,2,2,2,0,0,0,2],"14":[2,1,0,2,2,0,0,2,0,1,0,0,2,0,1,0,0,2,2,2,1,2,1,2,2,1,0,0,0,0,1,0,0,0,2,1,0,2,0,1,1,1,1,1,0,2,1,0,0,0,2,0,0,0,2,0,0,0,0,0,0,0,1,2,2,0,2,1,2,1,0],"15":[0,1,1,0,0,0,1,2,0,0,2,2,1,0,0,0,0,2,2,2,1,2,2,2,1,2,1,2,0,1,0,2,2,1,1,0,0,0,0,0,0,0,1,2,0,2,0,2,2,2,1,2,0,2,2,0,0,0,1,2,0,1,2,0,2,1,2,2,2,2,1]},"Crystal Palace":{"3":[2,0,0,0,0,0,0,0,2,1,2,2,1,1,2,0,2,2,0,0,1,2,0,1,0,0,0,0,0,1,2,1,1,0,0,1,1,2,0,1,2,1,0,1,0,2,0,1,2,0,1,1,0,0,1,0,2,2,0,2,1,0,0,1,2,2,1,2,2,2,1],"4":[1,1,1,0,0,1,0,1,2,1,1,2,0,0,2,0,1,1,0,2,0,1,1,1,1,0,0,0,0,0,2,0,2,1,1,2,0,0,2,0,2,1,2,0,0,2,1,1,1,0,0,0,0,0,0,1,0,0,2,1,0,2,1,2,2,1,2,1,2,2,0],"5":[2,0,1,0,1,2,1,1,1,0,2,2,0,0,0,0,1,2,0,1,2,2,2,1,0,1,0,0,0,0,2,2,0,0,0,2,2,0,0,0,2,1,2,0,1,0,1,2,0,0,1,1,1,0,1,0,0,2,1,1,2,1,2,2,2,0,1,2,0,2,0],"6":[2,0,2,0,0,1,1,1,0,0,1,1,0,0,1,2,1,2,1,2,0,2,2,2,0,0,0,0,2,2,2,1,1,0,0,2,1,0,1,1,2,0,0,0,1,1,0,1,1,1,1,0,0,2,2,2,1,2,2,1,0,2,0,0,2,1,0,1,2,0,0],"7":[1,0,0,2,0,1,2,0,1,0,2,2,2,2,0,1,1,2,2,2,0,1,1,0,0,1,1,0,0,2,0,0,2,2,1,0,2,0,0,1,2,2,0,0,0,2,1,0,0,0,0,0,2,1,2,1,1,1,0,0,1,1,2,0,2,2,2,0,0,0,0],"8":[2,0,0,1,0,0,0,2,2,0,2,1,0,0,2,1,1,1,2,2,1,0,1,0,0,0,1,0,0,2,1,2,1,2,0,0,0,0,1,1,0,0,2,2,2,0,0,0,2,0,1,1,0,0,2,2,0,2,2,1,0,0,2,2,2,1,1,2,2,1,1],"9":[2,1,1,1,0,0,0,1,0,2,2,2,0,0,0,1,0,2,0,1,2,0,2,0,1,2,0,2,0,2,1,2,1,1,0,1,0,0,1,2,2,0,1,2,2,0,0,1,1,0,0,2,0,0,1,1,0,2,0,2,0,2,1,2,2,2,2,2,0,1,0],"10":[2,2,0,1,0,1,0,1,0,0,1,2,1,0,2,0,0,2,0,1,0,2,2,1,0,1,0,2,0,1,1,0,1,0,0,2,1,0,2,2,2,2,0,2,1,1,0,0,1,2,0,0,1,0,2,0,0,2,1,1,0,2,1,2,1,1,1,2,1,2,1],"11":[0,0,1,0,1,0,2,1,0,0,0,2,0,2,0,1,2,1,1,0,2,2,2,2,2,2,0,0,0,2,1,0,0,0,2,0,1,1,2,2,2,0,0,0,0,0,0,0,0,0,2,1,2,0,2,1,0,0,2,1,1,2,0,2,2,2,1,0,0,2,1],"12":[0,0,0,2,0,0,1,2,0,0,1,2,0,0,2,0,0,2,0,1,2,1,2,0,0,1,0,0,0,0,2,0,2,0,1,1,2,2,2,0,1,1,2,0,0,0,0,1,1,2,1,0,0,0,2,1,2,2,2,2,1,0,2,2,2,2,2,2,2,2,1],"13":[1,1,2,0,0,1,0,0,0,0,0,2,2,2,2,1,0,2,0,2,2,2,1,1,1,2,0,1,0,0,2,2,1,0,0,1,1,0,1,2,0,0,1,0,0,0,1,0,0,0,0,1,0,0,2,0,2,0,0,0,0,1,2,0,2,1,2,0,2,0,2],"14":[0,2,2,1,0,0,1,2,1,0,0,1,0,2,1,1,0,2,0,2,2,0,0,0,0,0,0,1,2,0,2,1,0,1,0,0,0,0,0,1,0,2,0,0,1,2,2,0,1,0,0,2,0,2,2,0,0,1,1,1,2,0,1,2,2,1,2,0,1,0,2],"15":[0,0,2,1,0,0,0,0,0,0,0,2,2,1,0,1,0,2,2,1,0,1,0,0,0,2,2,2,1,2,0,1,0,2,2,2,0,0,0,0,1,2,0,2,1,0,0,2,1,2,1,2,1,2,2,1,0,2,0,0,1,0,2,0,2,1,2,0,0,0,1],"16":[0,0,1,2,0,0,0,0,0,0,0,0,2,1,1,2,1,2,2,2,2,1,0,0,0,1,0,1,2,2,1,0,0,2,1,0,0,1,0,0,1,0,0,1,2,0,0,0,0,1,2,0,0,0,1,0,0,0,2,2,1,2,1,2,2,2,2,0,1,2,0],"17":[0,0,1,1,0,1,1,2,2,2,0,0,1,2,2,0,0,2,1,2,1,0,1,0,0,2,1,2,2,1,2,2,2,2,2,0,2,2,0,0,0,1,0,2,2,0,1,1,2,0,2,0,1,0,1,0,2,0,2,2,2,2,1,2,1,2,2,2,1,1,2],"18":[0,1,2,0,1,0,2,1,0,2,0,1,0,0,0,0,1,2,2,2,0,2,1,0,2,1,2,2,2,1,1,1,0,1,0,2,1,0,0,0,0,1,0,1,1,0,0,0,0,0,0,2,1,0,1,1,0,1,2,0,0,0,2,2,0,0,1,0,2,0,1]},"Everton":{"2":[2,1,2,0,0,0,0,2,1,1,0,2,0,0,1,1,2,0,0,0,2,0,2,0,0,2,2,0,2,0,0,0,0,0,1,2,1,0,2,0,1,0,2,1,2,1,2,0,2,1,0,0,0,2,2,0,0,2,0,1,0,1,2,2,2,2,1,2,0,2,2],"3":[1,0,1,0,0,0,0,2,0,0,0,2,0,0,2,1,1,0,1,2,0,2,2,0,0,2,2,0,1,0,0,0,1,0,1,0,0,0,1,2,1,1,2,2,0,0,1,2,0,1,0,1,1,0,2,1,1,1,2,2,0,2,2,2,2,2,1,1,2,0,0],"4":[1,0,1,0,0,0,1,1,0,0,1,2,0,1,1,1,1,0,2,2,2,2,0,0,0,1,1,2,0,1,0,0,1,0,0,0,1,2,1,1,2,0,1,0,0,1,0,1,2,0,1,1,2,0,1,1,2,2,0,0,0,0,2,2,2,2,2,0,1,2,0],"5":[0,0,1,0,1,0,2,1,0,0,0,2,0,2,0,1,2,1,1,0,2,2,2,2,2,2,0,0,0,2,1,0,0,0,2,0,1,1,2,2,2,0,0,0,0,0,0,0,0,0,2,1,2,0,2,1,0,0,2,1,1,2,0,2,2,2,1,0,0,2,1],"6":[0,0,0,2,0,0,1,2,0,0,1,2,0,0,2,0,0,2,0,1,2,1,2,0,0,1,0,0,0,0,2,0,2,0,1,1,2,2,2,0,1,1,2,0,0,0,0,1,1,2,1,0,0,0,2,1,2,2,2,2,1,0,2,2,2,2,2,2,2,2,1],"7":[0,0,2,1,0,0,0,0,0,0,0,2,2,1,0,1,0,2,2,1,0,1,0,0,0,2,2,2,1,2,0,1,0,2,2,2,0,0,0,0,1,2,0,2,1,0,0,2,1,2,1,2,1,2,2,1,0,2,0,0,1,0,2,0,2,1,2,0,0,0,1],"8":[1,1,2,0,0,1,0,0,0,0,0,2,2,2,2,1,0,2,0,2,2,2,1,1,1,2,0,1,0,0,2,2,1,0,0,1,1,0,1,2,0,0,1,0,0,0,1,0,0,0,0,1,0,0,2,0,2,0,0,0,0,1,2,0,2,1,2,0,2,0,2],"9":[0,2,2,1,0,0,1,2,1,0,0,1,0,2,1,1,0,2,0,2,2,0,0,0,0,0,0,1,2,0,2,1,0,1,0,0,0,0,0,1,0,2,0,0,1,2,2,0,1,0,0,2,0,2,2,0,0,1,1,1,2,0,1,2,2,1,2,0,1,0,2],"10":[2,0,1,2,0,1,0,1,1,1,0,1,0,2,1,2,2,2,1,2,2,2,2,0,0,2,1,0,2,0,2,1,0,2,2,2,0,1,1,0,0,1,2,0,1,0,0,0,1,0,0,2,0,2,2,1,0,0,0,2,0,2,1,1,2,0,2,2,0,1,1],"11":[2,1,0,0,0,0,0,0,0,1,2,0,2,0,2,0,0,1,0,1,1,1,2,1,0,2,1,1,0,0,2,2,0,0,1,1,0,0,0,0,0,2,1,1,0,0,1,2,1,1,1,1,0,0,0,0,1,0,2,0,0,2,1,2,0,0,2,1,1,0,0],"12":[0,2,0,0,0,0,0,0,0,0,2,0,1,0,0,0,1,2,2,2,2,1,0,0,0,1,2,1,1,1,2,2,2,0,0,0,0,0,1,2,0,0,1,0,0,1,2,1,0,1,0,0,0,2,0,1,1,1,2,1,1,2,0,2,2,2,0,2,2,1,1],"13":[0,1,1,0,0,0,0,2,0,1,2,0,2,2,2,1,1,2,1,2,2,2,1,1,0,2,1,2,1,1,2,2,2,1,1,1,0,1,0,0,0,2,0,0,2,0,0,0,0,2,0,0,1,2,2,1,2,0,1,0,1,2,0,2,0,1,1,0,2,1,2],"14":[2,0,1,2,0,1,2,0,0,1,2,0,0,0,1,2,0,2,2,2,0,0,2,1,0,2,0,1,0,2,2,1,2,1,0,1,1,2,1,0,2,2,0,0,1,0,1,0,2,0,2,2,1,1,1,0,1,2,2,0,0,1,1,2,2,0,1,0,0,2,2],"15":[0,0,0,1,0,0,0,0,0,0,1,0,1,1,1,0,0,0,2,2,2,2,1,2,0,2,0,0,0,2,2,2,0,2,2,1,1,2,1,1,2,1,0,2,1,0,0,2,2,0,0,2,1,0,0,0,0,2,1,2,0,1,1,0,2,0,1,1,2,0,0],"16":[0,0,0,0,0,0,0,0,0,2,1,0,1,2,2,2,0,0,1,2,2,2,1,2,0,1,0,2,0,2,1,2,2,2,0,2,0,0,0,1,0,0,0,0,2,1,1,2,0,0,0,0,0,0,2,0,0,2,1,2,0,2,0,2,0,0,2,0,0,1,0]},"Fulham":{"3":[0,0,1,0,0,1,0,2,1,0,1,2,2,0,1,1,0,1,0,2,0,2,0,0,2,0,0,0,0,0,2,0,0,0,0,0,0,0,2,0,0,2,0,0,0,0,2,1,0,0,0,2,0,0,2,0,0,0,0,0,0,0,2,2,2,1,2,2,2,0,1],"4":[1,0,1,0,0,2,0,0,1,2,2,1,2,1,2,0,1,1,2,1,1,1,2,0,0,1,1,1,1,1,1,0,2,0,0,0,1,2,1,0,2,2,2,0,0,2,2,2,0,0,0,2,2,2,0,0,2,1,2,1,0,0,1,1,2,2,2,0,2,0,2],"5":[1,1,2,0,0,1,0,0,0,0,0,2,2,2,2,1,0,2,0,2,2,2,1,1,1,2,0,1,0,0,2,2,1,0,0,1,1,0,1,2,0,0,1,0,0,0,1,0,0,0,0,1,0,0,2,0,2,0,0,0,0,1,2,0,2,1,2,0,2,0,2],"6":[2,1,0,0,0,0,0,0,0,1,2,0,2,0,2,0,0,1,0,1,1,1,2,1,0,2,1,1,0,0,2,2,0,0,1,1,0,0,0,0,0,2,1,1,0,0,1,2,1,1,1,1,0,0,0,0,1,0,2,0,0,2,1,2,0,0,2,1,1,0,0],"7":[0,2,2,1,0,1,1,0,0,0,0,0,0,1,1,2,2,2,2,0,1,2,0,0,0,2,2,2,1,2,2,1,0,0,2,1,2,1,1,1,1,2,0,0,0,1,2,2,0,0,1,0,1,1,0,0,2,0,2,1,0,2,0,1,0,2,1,1,2,2,2],"8":[0,2,2,1,0,0,1,2,1,0,0,1,0,2,1,1,0,2,0,2,2,0,0,0,0,0,0,1,2,0,2,1,0,1,0,0,0,0,0,1,0,2,0,0,1,2,2,0,1,0,0,2,0,2,2,0,0,1,1,1,2,0,1,2,2,1,2,0,1,0,2],"9":[2,2,0,0,0,0,0,1,0,0,0,1,2,0,0,2,2,0,2,2,1,0,2,0,0,1,0,2,2,1,2,1,2,2,0,0,0,0,0,2,0,0,2,1,0,0,2,0,1,0,2,1,0,2,2,1,2,1,2,1,2,2,2,2,2,1,0,0,2,1,0],"10":[0,0,2,1,0,0,0,0,0,0,0,2,2,1,0,1,0,2,2,1,0,1,0,0,0,2,2,2,1,2,0,1,0,2,2,2,0,0,0,0,1,2,0,2,1,0,0,2,1,2,1,2,1,2,2,1,0,2,0,0,1,0,2,0,2,1,2,0,0,0,1],"11":[1,1,0,0,1,0,0,1,0,0,2,0,2,2,1,2,0,1,2,2,1,2,1,2,1,2,2,1,0,0,0,1,0,1,2,2,0,0,1,0,0,1,2,0,2,1,2,0,0,1,1,0,0,2,1,2,0,0,0,0,2,2,1,2,2,2,2,0,0,0,2],"12":[0,0,2,0,0,1,0,2,1,0,0,2,0,0,1,2,2,2,2,2,1,2,1,0,2,2,1,1,2,2,2,1,1,2,2,1,1,0,1,2,0,0,0,1,0,0,0,0,0,0,0,2,1,0,2,2,2,2,2,0,0,0,2,2,2,1,2,0,2,1,1],"13":[0,0,1,0,1,0,2,1,0,0,0,2,0,2,0,1,2,1,1,0,2,2,2,2,2,2,0,0,0,2,1,0,0,0,2,0,1,1,2,2,2,0,0,0,0,0,0,0,0,0,2,1,2,0,2,1,0,0,2,1,1,2,0,2,2,2,1,0,0,2,1],"14":[2,1,0,0,0,0,1,0,0,1,0,0,1,0,0,2,0,2,2,2,0,2,1,0,0,2,0,1,0,0,2,0,0,2,2,0,0,0,1,0,1,1,1,0,0,0,1,0,1,1,1,1,2,2,2,0,2,1,2,0,1,2,2,1,2,1,1,2,0,1,0],"15":[0,2,2,0,0,1,0,1,1,1,2,0,1,1,0,2,0,1,2,2,1,1,1,0,0,2,0,2,0,1,0,0,1,1,2,0,0,1,1,0,2,0,2,0,2,0,2,0,0,1,0,2,2,2,1,0,2,2,2,0,0,2,1,2,2,2,2,0,0,1,1],"16":[1,2,0,0,1,0,0,0,1,1,0,1,0,2,1,0,1,2,2,2,1,2,2,2,2,0,2,2,0,2,1,0,2,2,2,1,0,0,1,1,1,0,0,2,0,0,1,2,2,1,1,2,2,0,2,0,0,2,0,2,0,2,2,2,2,1,2,0,0,0,1],"17":[2,0,2,1,0,0,1,2,1,0,1,1,0,2,2,1,2,2,2,2,0,2,1,1,0,2,0,2,2,2,1,0,2,2,2,0,0,0,0,1,0,0,1,1,0,0,1,2,0,2,0,2,1,0,2,0,0,1,0,2,0,2,0,1,0,1,0,0,1,1,2]},"Leeds United":{"6":[2,2,1,1,0,1,0,0,0,0,0,2,2,2,1,2,1,1,2,2,2,2,2,2,2,2,0,2,2,2,2,1,2,2,1,0,0,0,2,0,2,0,2,1,0,1,0,2,2,0,0,1,1,1,2,1,1,2,0,0,2,2,1,2,2,2,2,0,2,2,0],"7":[1,2,1,0,1,0,0,2,2,0,0,2,2,2,1,2,0,2,2,1,2,0,1,2,2,2,1,2,0,2,2,1,2,2,0,0,0,0,0,1,1,0,0,0,0,0,0,2,1,1,1,0,0,1,2,2,1,2,2,0,0,0,1,2,2,0,2,0,2,1,0],"8":[0,2,2,0,0,0,0,1,0,0,2,0,0,0,0,1,0,2,0,2,0,1,0,0,1,2,0,0,2,0,1,0,1,2,1,0,0,0,0,2,0,0,1,0,0,0,1,2,0,1,0,2,0,0,0,0,0,2,2,0,0,0,1,2,2,0,2,0,1,0,2],"9":[0,2,2,0,1,0,0,0,0,1,0,2,0,0,0,0,2,1,2,2,0,1,1,2,1,2,2,1,0,1,2,0,0,2,0,0,0,0,1,0,2,0,2,0,0,2,0,2,0,2,0,0,0,0,0,0,2,1,2,1,0,1,2,2,2,0,2,0,1,1,0],"10":[0,2,2,1,0,0,1,2,1,0,0,1,0,2,1,1,0,2,0,2,2,0,0,0,0,0,0,1,2,0,2,1,0,1,0,0,0,0,0,1,0,2,0,0,1,2,2,0,1,0,0,2,0,2,2,0,0,1,1,1,2,0,1,2,2,1,2,0,1,0,2],"11":[0,2,1,0,1,0,0,2,0,0,0,1,0,0,2,0,1,2,2,1,0,2,0,2,1,2,2,2,1,2,2,0,1,2,1,0,0,0,2,1,0,0,1,0,0,0,0,1,0,1,1,2,1,1,0,0,0,0,0,0,0,1,1,1,1,2,2,0,1,0,0],"12":[0,2,2,0,0,1,0,1,2,0,2,0,2,0,1,2,1,1,2,2,2,0,2,0,0,1,0,0,2,0,0,0,2,2,2,1,0,0,1,0,0,1,2,2,2,0,1,2,2,1,1,0,0,2,1,1,0,1,1,0,1,2,1,2,2,2,2,1,2,0,1],"13":[2,2,0,0,0,0,0,1,0,0,0,1,2,0,0,2,2,0,2,2,1,0,2,0,0,1,0,2,2,1,2,1,2,2,0,0,0,0,0,2,0,0,2,1,0,0,2,0,1,0,2,1,0,2,2,1,2,1,2,1,2,2,2,2,2,1,0,0,2,1,0],"14":[0,0,2,1,0,0,0,0,0,0,0,2,2,1,0,1,0,2,2,1,0,1,0,0,0,2,2,2,1,2,0,1,0,2,2,2,0,0,0,0,1,2,0,2,1,0,0,2,1,2,1,2,1,2,2,1,0,2,0,0,1,0,2,0,2,1,2,0,0,0,1],"15":[1,1,2,0,0,1,0,0,0,0,0,2,2,2,2,1,0,2,0,2,2,2,1,1,1,2,0,1,0,0,2,2,1,0,0,1,1,0,1,2,0,0,1,0,0,0,1,0,0,0,0,1,0,0,2,0,2,0,0,0,0,1,2,0,2,1,2,0,2,0,2],"16":[0,0,1,0,1,0,2,1,0,0,0,2,0,2,0,1,2,1,1,0,2,2,2,2,2,2,0,0,0,2,1,0,0,0,2,0,1,1,2,2,2,0,0,0,0,0,0,0,0,0,2,1,2,0,2,1,0,0,2,1,1,2,0,2,2,2,1,0,0,2,1],"17":[1,2,0,0,0,0,0,0,2,1,2,0,2,0,0,2,0,2,2,1,0,2,2,2,0,2,1,2,0,0,2,1,2,1,2,2,0,2,1,2,1,0,2,1,0,0,2,0,1,2,2,1,2,0,1,1,0,1,0,1,0,2,1,0,2,0,0,0,0,2,2],"18":[0,0,2,0,0,2,2,1,2,0,1,1,0,0,1,1,0,2,1,2,1,0,0,2,0,2,0,0,2,1,0,0,2,2,0,2,1,2,2,1,0,1,2,1,0,0,2,0,2,0,1,0,1,1,0,0,0,0,1,2,0,1,0,1,1,2,0,2,0,2,1],"19":[2,0,2,1,1,0,0,1,2,0,2,2,1,1,0,1,1,1,2,1,2,2,1,1,0,1,2,2,0,2,2,0,2,1,0,2,2,2,0,1,0,0,0,0,1,0,0,0,2,0,0,2,1,1,1,0,0,1,1,1,0,1,2,0,0,2,0,2,2,0,0]},"Liverpool":{"2":[2,0,0,0,0,0,2,2,1,2,1,1,0,0,2,1,0,2,1,1,2,1,2,0,0,2,2,2,2,2,0,0,2,1,0,1,2,2,0,0,0,0,2,1,2,0,1,0,1,0,1,1,0,0,0,0,2,0,1,2,2,2,0,1,1,1,2,0,2,1,1],"3":[1,0,2,0,0,0,0,1,2,1,0,1,0,0,2,1,2,1,2,2,0,2,0,0,0,0,0,1,0,2,0,2,1,1,0,0,0,0,0,1,0,1,0,2,1,2,1,0,2,0,2,0,1,2,2,1,1,0,1,2,1,1,1,1,2,1,1,2,0,2,1],"4":[2,2,2,0,1,1,1,0,0,0,0,2,0,0,1,2,0,2,2,2,2,2,0,0,0,2,0,2,0,2,2,1,2,2,0,0,0,0,0,0,0,0,1,1,0,2,0,2,2,1,1,0,0,2,2,2,1,1,0,0,1,1,0,1,2,2,0,2,2,0,1],"5":[2,1,0,0,0,0,0,0,0,1,2,0,2,0,2,0,0,1,0,1,1,1,2,1,0,2,1,1,0,0,2,2,0,0,1,1,0,0,0,0,0,2,1,1,0,0,1,2,1,1,1,1,0,0,0,0,1,0,2,0,0,2,1,2,0,0,2,1,1,0,0],"6":[0,2,2,1,0,0,1,2,1,0,0,1,0,2,1,1,0,2,0,2,2,0,0,0,0,0,0,1,2,0,2,1,0,1,0,0,0,0,0,1,0,2,0,0,1,2,2,0,1,0,0,2,0,2,2,0,0,1,1,1,2,0,1,2,2,1,2,0,1,0,2],"7":[0,1,0,1,0,0,0,0,0,0,0,0,2,1,0,2,0,2,2,2,0,2,1,0,0,2,2,2,1,1,2,0,1,0,0,1,0,0,1,2,0,2,1,0,1,0,1,2,2,1,1,0,1,2,2,1,2,2,0,1,1,1,2,2,1,0,2,0,1,1,1],"8":[0,0,0,2,0,0,1,2,0,0,1,2,0,0,2,0,0,2,0,1,2,1,2,0,0,1,0,0,0,0,2,0,2,0,1,1,2,2,2,0,1,1,2,0,0,0,0,1,1,2,1,0,0,0,2,1,2,2,2,2,1,0,2,2,2,2,2,2,2,2,1],"9":[1,1,2,0,0,1,0,0,0,0,0,2,2,2,2,1,0,2,0,2,2,2,1,1,1,2,0,1,0,0,2,2,1,0,0,1,1,0,1,2,0,0,1,0,0,0,1,0,0,0,0,1,0,0,2,0,2,0,0,0,0,1,2,0,2,1,2,0,2,0,2],"10":[0,0,2,0,0,0,0,0,2,1,0,2,1,0,2,2,0,2,2,0,0,1,1,2,0,1,2,1,0,1,2,1,2,2,2,2,0,1,2,0,1,0,2,1,2,0,0,2,0,0,2,0,0,2,2,1,1,2,0,0,0,1,2,2,2,2,0,1,0,1,0],"11":[2,2,0,1,0,1,0,1,0,0,1,2,1,0,2,0,0,2,0,1,0,2,2,1,0,1,0,2,0,1,1,0,1,0,0,2,1,0,2,2,2,2,0,2,1,1,0,0,1,2,0,0,1,0,2,0,0,2,1,1,0,2,1,2,1,1,1,2,1,2,1],"12":[0,1,0,1,0,0,0,0,0,0,0,2,0,0,2,1,0,2,1,1,2,2,2,2,1,1,0,2,0,2,2,2,2,1,2,2,1,0,2,2,1,2,1,0,0,0,2,0,0,0,0,2,2,2,0,1,2,1,1,1,0,0,2,1,2,2,0,2,1,2,0],"13":[0,0,2,2,0,0,1,0,2,0,1,1,1,0,1,0,0,2,2,2,1,1,0,1,0,2,2,1,0,1,2,0,2,0,2,2,0,0,2,2,2,1,1,0,0,0,0,0,0,0,0,1,0,2,2,2,2,0,2,0,1,1,0,2,0,2,2,2,2,2,0],"14":[0,1,0,0,1,1,0,0,0,1,2,1,0,0,0,1,0,0,2,2,1,2,2,0,0,2,2,0,0,0,0,1,2,0,0,2,0,1,2,2,2,1,0,1,0,1,2,0,0,0,1,0,0,2,1,0,2,1,2,0,0,1,2,1,1,2,2,2,2,1,0],"15":[1,2,0,0,0,0,0,0,2,1,2,1,0,0,1,0,0,1,2,2,0,2,0,2,0,1,1,2,0,0,1,0,0,1,0,2,0,0,2,2,2,2,1,0,1,1,1,2,0,0,2,0,0,0,1,1,2,2,0,0,2,2,1,1,2,2,2,0,2,1,1]},"Manchester City":{"1":[2,0,2,1,0,0,2,1,2,0,0,1,0,0,0,0,2,2,2,1,2,2,0,0,0,2,1,1,1,0,2,0,2,0,2,0,2,0,2,0,0,0,0,0,0,0,0,0,0,1,0,2,0,2,1,0,0,2,2,0,0,2,1,1,2,0,0,1,2,2,0],"2":[0,2,2,1,0,0,1,2,1,0,0,1,0,2,1,1,0,2,0,2,2,0,0,0,0,0,0,1,2,0,2,1,0,1,0,0,0,0,0,1,0,2,0,0,1,2,2,0,1,0,0,2,0,2,2,0,0,1,1,1,2,0,1,2,2,1,2,0,1,0,2],"3":[0,0,2,1,0,0,0,0,0,0,0,2,2,1,0,1,0,2,2,1,0,1,0,0,0,2,2,2,1,2,0,1,0,2,2,2,0,0,0,0,1,2,0,2,1,0,0,2,1,2,1,2,1,2,2,1,0,2,0,0,1,0,2,0,2,1,2,0,0,0,1],"4":[1,1,1,0,0,1,0,0,1,0,0,1,2,2,1,2,1,2,2,0,2,0,1,0,0,2,0,1,1,0,0,0,1,2,2,0,0,2,1,0,2,0,2,2,1,0,1,0,0,0,1,0,0,0,2,1,1,2,1,2,0,2,1,2,1,2,0,2,2,2,0],"5":[0,1,0,0,0,1,0,2,0,1,0,1,0,2,1,2,1,0,2,0,0,0,2,0,0,2,1,0,1,2,0,0,0,2,2,2,2,1,2,2,2,1,1,1,2,2,0,0,2,0,0,2,0,2,2,0,0,2,2,2,2,1,2,0,0,2,2,0,2,2,0],"6":[0,0,0,2,1,0,0,0,1,1,0,2,2,2,2,2,2,2,2,0,0,1,2,0,0,1,1,0,0,1,0,0,1,1,1,1,1,0,0,2,1,0,2,1,2,2,2,0,2,0,1,0,0,2,2,0,0,2,2,2,0,0,2,2,2,2,0,2,1,1,0]},"Manchester United":{"1":[2,1,0,2,0,1,1,2,1,1,1,1,2,0,1,2,2,1,2,2,0,2,2,1,0,0,1,2,1,1,1,1,0,1,1,1,0,0,0,0,2,2,0,0,1,2,0,0,0,0,1,1,1,0,2,1,0,2,2,0,1,2,2,2,0,2,1,1,0,2,0],"2":[1,0,0,0,0,0,2,1,1,0,0,1,0,0,2,1,2,1,1,0,2,0,2,1,1,0,0,1,1,2,1,0,2,0,0,1,0,1,0,0,0,2,1,1,2,2,1,0,0,1,0,2,0,2,1,0,1,2,0,1,1,2,1,1,2,2,2,0,2,1,0],"3":[0,0,1,0,1,0,2,1,0,0,0,2,0,2,0,1,2,1,1,0,2,2,2,2,2,2,0,0,0,2,1,0,0,0,2,0,1,1,2,2,2,0,0,0,0,0,0,0,0,0,2,1,2,0,2,1,0,0,2,1,1,2,0,2,2,2,1,0,0,2,1],"4":[0,2,2,1,0,0,1,2,1,0,0,1,0,2,1,1,0,2,0,2,2,0,0,0,0,0,0,1,2,0,2,1,0,1,0,0,0,0,0,1,0,2,0,0,1,2,2,0,1,0,0,2,0,2,2,0,0,1,1,1,2,0,1,2,2,1,2,0,1,0,2],"5":[0,0,2,1,0,0,0,0,0,0,0,2,2,1,0,1,0,2,2,1,0,1,0,0,0,2,2,2,1,2,0,1,0,2,2,2,0,0,0,0,1,2,0,2,1,0,0,2,1,2,1,2,1,2,2,1,0,2,0,0,1,0,2,0,2,1,2,0,0,0,1],"6":[1,2,0,0,0,1,0,2,1,0,0,1,0,1,1,0,2,2,2,2,1,0,0,0,1,0,2,2,0,0,2,0,0,0,0,2,1,2,2,2,0,1,1,1,1,0,2,1,1,0,2,0,0,2,2,0,2,0,0,0,0,0,2,2,2,1,0,1,2,2,0],"7":[2,2,0,1,1,0,0,1,0,1,1,2,0,0,0,1,0,1,2,2,1,2,0,0,0,1,0,1,2,0,2,2,1,1,0,1,0,1,1,0,0,1,1,2,0,0,0,1,2,2,1,2,0,0,0,1,0,2,0,2,0,2,1,2,2,0,2,0,1,2,1],"8":[2,1,0,1,0,0,1,1,0,0,0,0,0,1,1,0,0,2,2,1,2,2,0,0,0,2,2,2,1,2,2,0,0,2,0,1,0,2,0,0,0,1,1,0,2,0,1,2,2,2,2,2,1,2,0,1,0,2,1,1,0,2,2,2,2,1,2,1,1,0,1],"9":[0,2,2,0,0,1,0,0,0,0,2,2,0,0,2,0,0,1,2,2,2,0,0,0,1,2,0,2,2,0,1,1,2,2,2,1,0,0,2,0,2,0,0,2,1,0,2,2,2,0,0,0,0,2,2,0,1,1,0,0,0,1,1,2,2,2,1,1,1,0,0],"10":[1,2,0,1,0,1,1,0,1,0,0,2,2,0,1,0,2,1,2,2,1,2,0,2,0,2,2,1,2,0,0,1,0,1,2,1,0,2,0,2,1,1,1,1,0,0,2,2,2,2,0,0,0,0,1,2,0,1,0,2,0,1,0,2,1,0,2,1,2,2,0],"11":[0,0,0,1,2,1,0,0,0,2,0,0,0,0,1,0,0,2,2,2,1,1,1,0,2,2,0,2,2,1,0,0,0,1,2,0,2,1,1,2,1,0,0,0,0,0,2,2,2,2,0,2,0,0,1,1,2,0,0,1,0,2,2,2,1,2,2,0,1,2,2]},"Newcastle United":{"3":[2,1,0,0,0,0,2,1,2,1,1,0,2,0,0,0,1,1,2,1,1,2,0,0,0,2,2,2,0,0,0,0,0,1,2,1,0,0,1,1,1,2,0,1,0,0,1,1,1,2,0,0,0,0,2,0,2,0,2,2,1,0,0,0,0,1,0,2,0,2,0],"4":[1,2,2,2,0,1,2,2,0,1,1,0,1,0,0,0,0,1,2,2,2,1,1,0,2,1,2,2,2,2,2,1,1,0,2,0,0,1,2,0,1,2,2,0,0,0,0,2,0,2,0,0,0,2,2,0,2,2,1,1,0,2,2,0,0,1,0,1,2,0,1],"5":[0,2,2,0,0,0,1,0,1,1,2,1,0,0,1,1,0,2,2,2,1,2,1,2,0,2,0,2,0,0,1,0,0,1,2,1,0,0,0,0,0,2,1,0,0,2,0,0,1,0,0,0,0,1,0,1,2,2,1,0,2,1,1,1,2,2,0,2,0,2,1],"6":[0,2,1,0,0,1,1,1,2,0,1,0,2,1,1,2,2,2,2,2,1,1,0,0,0,1,0,2,0,0,2,1,2,2,2,0,0,2,1,1,2,1,1,1,1,0,0,0,0,0,0,0,0,2,1,2,1,0,2,0,0,1,0,2,2,1,2,1,0,2,1],"7":[0,1,1,0,0,0,0,2,0,1,2,0,2,2,2,1,1,2,1,2,2,2,1,1,0,2,1,2,1,1,2,2,2,1,1,1,0,1,0,0,0,2,0,0,2,0,0,0,0,2,0,0,1,2,2,1,2,0,1,0,1,2,0,2,0,1,1,0,2,1,2],"8":[2,2,2,0,1,1,1,0,0,0,0,2,0,0,1,2,0,2,2,2,2,2,0,0,0,2,0,2,0,2,2,1,2,2,0,0,0,0,0,0,0,0,1,1,0,2,0,2,2,1,1,0,0,2,2,2,1,1,0,0,1,1,0,1,2,2,0,2,2,0,1],"9":[0,0,2,0,0,1,0,2,1,0,0,2,0,0,1,2,2,2,2,2,1,2,1,0,2,2,1,1,2,2,2,1,1,2,2,1,1,0,1,2,0,0,0,1,0,0,0,0,0,0,0,2,1,0,2,2,2,2,2,0,0,0,2,2,2,1,2,0,2,1,1],"10":[1,1,2,0,0,1,0,0,0,0,0,2,2,2,2,1,0,2,0,2,2,2,1,1,1,2,0,1,0,0,2,2,1,0,0,1,1,0,1,2,0,0,1,0,0,0,1,0,0,0,0,1,0,0,2,0,2,0,0,0,0,1,2,0,2,1,2,0,2,0,2],"11":[2,1,0,0,0,0,0,0,0,1,0,1,2,1,0,1,0,2,2,2,0,0,1,2,0,2,1,0,2,2,1,0,2,1,1,1,0,0,0,0,1,2,2,1,1,2,2,1,0,0,0,0,1,2,2,2,2,2,2,0,0,0,2,1,2,1,2,0,2,0,1],"12":[0,2,2,1,0,0,1,2,1,0,0,1,0,2,1,1,0,2,0,2,2,0,0,0,0,0,0,1,2,0,2,1,0,1,0,0,0,0,0,1,0,2,0,0,1,2,2,0,1,0,0,2,0,2,2,0,0,1,1,1,2,0,1,2,2,1,2,0,1,0,2],"13":[0,0,2,1,0,0,0,0,0,0,0,2,2,1,0,1,0,2,2,1,0,1,0,0,0,2,2,2,1,2,0,1,0,2,2,2,0,0,0,0,1,2,0,2,1,0,0,2,1,2,1,2,1,2,2,1,0,2,0,0,1,0,2,0,2,1,2,0,0,0,1],"14":[0,0,1,0,1,0,2,1,0,0,0,2,0,2,0,1,2,1,1,0,2,2,2,2,2,2,0,0,0,2,1,0,0,0,2,0,1,1,2,2,2,0,0,0,0,0,0,0,0,0,2,1,2,0,2,1,0,0,2,1,1,2,0,2,2,2,1,0,0,2,1],"15":[0,2,1,0,1,0,0,1,0,0,2,1,1,1,1,0,2,1,2,2,1,1,2,0,0,0,2,0,2,1,1,0,1,0,0,1,0,0,0,1,1,0,0,2,0,0,0,0,1,2,2,0,2,0,1,1,0,1,0,0,2,2,2,2,2,2,2,2,0,2,2],"16":[2,2,0,1,1,0,0,1,0,1,1,2,0,0,0,1,0,1,2,2,1,2,0,0,0,1,0,1,2,0,2,2,1,1,0,1,0,1,1,0,0,1,1,2,0,0,0,1,2,2,1,2,0,0,0,1,0,2,0,2,0,2,1,2,2,0,2,0,1,2,1],"17":[2,1,1,2,0,1,0,1,0,0,2,2,1,1,2,2,0,2,1,0,1,2,0,2,2,2,2,0,2,0,0,0,1,1,0,2,0,0,0,0,0,1,0,2,1,0,0,1,2,2,2,1,2,0,2,1,0,2,2,1,0,2,2,2,1,2,0,0,2,1,0],"18":[2,2,1,0,2,2,0,1,0,0,0,2,0,2,0,2,0,1,0,2,0,1,2,1,2,2,2,0,0,0,2,0,0,2,0,0,0,0,2,1,1,0,0,2,0,0,0,0,2,1,1,2,2,0,2,0,0,0,2,0,2,1,0,1,0,0,0,0,2,1,2]},"Nottingham Forest":{"8":[0,2,2,0,0,0,0,1,0,0,0,0,2,0,0,0,0,1,1,2,1,1,2,2,1,1,0,0,1,2,2,2,1,2,1,1,0,2,0,0,2,1,0,1,0,1,0,1,0,2,2,2,2,0,0,0,0,2,1,2,0,0,0,2,1,2,1,0,0,0,1],"9":[1,1,2,0,1,0,0,2,1,0,0,2,0,2,0,0,1,0,0,0,0,1,0,2,0,2,2,1,1,0,2,1,1,2,2,0,1,0,0,1,0,0,2,0,1,0,1,0,0,1,2,0,1,0,0,0,0,1,2,2,1,1,2,2,0,0,2,0,2,1,2],"10":[0,0,2,0,0,0,0,1,0,1,1,0,1,1,0,0,0,1,2,2,0,2,0,2,1,2,1,1,0,2,2,1,0,0,1,0,1,0,0,0,0,0,1,0,0,1,2,0,2,2,0,0,2,0,1,0,0,2,1,2,0,2,1,0,2,1,1,2,0,1,0],"11":[2,0,2,0,0,2,0,1,0,0,0,1,0,0,2,2,1,2,0,2,2,2,2,2,0,2,2,0,2,0,1,1,0,2,0,1,1,0,1,0,0,0,2,0,0,1,2,1,1,1,0,2,0,0,0,0,0,0,1,2,0,2,2,2,2,1,1,1,0,1,2],"12":[0,0,2,2,0,0,0,0,0,1,1,0,2,0,0,0,0,1,2,2,1,1,2,2,0,2,0,1,1,2,2,0,1,0,0,2,0,0,0,0,0,0,1,0,2,0,2,1,0,2,2,1,0,0,0,0,0,2,2,1,0,1,2,2,2,2,0,1,1,2,0],"13":[1,2,2,0,2,0,0,0,0,0,2,2,0,0,0,1,0,2,1,2,0,2,0,0,0,1,2,2,0,2,0,2,2,0,1,2,0,2,0,2,0,0,1,1,0,1,0,2,1,1,1,2,1,0,0,0,0,2,1,2,0,1,1,0,2,2,2,0,2,0,0],"14":[0,0,2,0,0,2,2,1,2,0,1,1,0,0,1,1,0,2,1,2,1,0,0,2,0,2,0,0,2,1,0,0,2,2,0,2,1,2,2,1,0,1,2,1,0,0,2,0,2,0,1,0,1,1,0,0,0,0,1,2,0,1,0,1,1,2,0,2,0,2,1],"15":[0,0,1,0,1,0,2,1,0,0,0,2,0,2,0,1,2,1,1,0,2,2,2,2,2,2,0,0,0,2,1,0,0,0,2,0,1,1,2,2,2,0,0,0,0,0,0,0,0,0,2,1,2,0,2,1,0,0,2,1,1,2,0,2,2,2,1,0,0,2,1],"16":[1,1,2,0,0,1,0,0,0,0,0,2,2,2,2,1,0,2,0,2,2,2,1,1,1,2,0,1,0,0,2,2,1,0,0,1,1,0,1,2,0,0,1,0,0,0,1,0,0,0,0,1,0,0,2,0,2,0,0,0,0,1,2,0,2,1,2,0,2,0,2],"17":[0,2,2,1,0,0,1,2,1,0,0,1,0,2,1,1,0,2,0,2,2,0,0,0,0,0,0,1,2,0,2,1,0,1,0,0,0,0,0,1,0,2,0,0,1,2,2,0,1,0,0,2,0,2,2,0,0,1,1,1,2,0,1,2,2,1,2,0,1,0,2],"18":[0,1,1,0,0,0,0,2,0,1,2,0,2,2,2,1,1,2,1,2,2,2,1,1,0,2,1,2,1,1,2,2,2,1,1,1,0,1,0,0,0,2,0,0,2,0,0,0,0,2,0,0,1,2,2,1,2,0,1,0,1,2,0,2,0,1,1,0,2,1,2],"19":[1,2,1,0,0,1,1,1,0,2,0,0,2,0,0,0,2,1,2,2,2,2,0,1,0,0,2,2,2,2,0,2,1,2,0,1,1,2,2,0,1,1,2,0,2,1,0,2,2,0,1,2,2,1,2,2,2,2,1,1,0,1,0,0,1,2,2,2,0,2,0],"20":[0,2,0,0,0,0,0,1,0,1,1,2,0,0,1,2,2,0,1,0,0,2,1,0,0,2,2,2,2,2,2,2,2,2,0,2,1,1,2,0,1,0,0,0,2,0,0,0,0,0,0,0,0,1,2,2,2,2,2,0,1,0,2,1,1,2,0,2,0,0,0]},"Sunderland":{"3":[1,0,1,0,0,0,0,2,2,0,1,1,0,1,0,0,0,1,0,1,1,0,0,0,2,2,1,2,2,0,2,2,2,0,1,1,1,0,0,1,2,0,2,0,0,0,2,2,1,0,0,2,2,2,2,0,2,1,0,0,0,2,1,1,1,1,0,0,0,2,0],"4":[0,2,1,0,1,1,0,0,2,0,1,1,2,0,1,1,0,1,1,0,1,0,1,1,1,1,0,2,0,1,2,2,0,0,1,2,0,1,0,1,0,2,2,2,1,0,0,2,0,2,1,0,2,1,2,2,0,0,0,0,0,1,1,1,1,2,2,1,2,2,0],"5":[2,2,2,0,0,0,0,0,0,0,0,0,1,0,0,0,0,1,1,2,2,0,1,2,2,2,1,1,0,2,0,2,1,0,1,0,0,0,0,1,0,1,1,0,2,2,0,2,0,0,1,2,0,2,2,1,2,0,0,0,0,1,2,2,2,0,1,2,0,2,2],"6":[1,1,2,0,0,1,0,0,0,0,0,2,2,2,2,1,0,2,0,2,2,2,1,1,1,2,0,1,0,0,2,2,1,0,0,1,1,0,1,2,0,0,1,0,0,0,1,0,0,0,0,1,0,0,2,0,2,0,0,0,0,1,2,0,2,1,2,0,2,0,2],"7":[1,2,0,0,0,1,1,0,0,1,0,0,1,2,1,1,2,0,1,2,1,0,0,0,2,2,1,0,0,0,2,2,2,2,0,1,1,0,2,0,2,1,2,0,1,0,1,1,0,0,1,2,0,0,0,0,0,0,2,0,0,1,1,1,2,2,0,1,0,1,1],"8":[2,1,0,0,0,0,0,0,0,1,2,0,2,0,2,0,0,1,0,1,1,1,2,1,0,2,1,1,0,0,2,2,0,0,1,1,0,0,0,0,0,2,1,1,0,0,1,2,1,1,1,1,0,0,0,0,1,0,2,0,0,2,1,2,0,0,2,1,1,0,0],"9":[0,1,1,0,0,0,0,2,0,1,2,0,2,2,2,1,1,2,1,2,2,2,1,1,0,2,1,2,1,1,2,2,2,1,1,1,0,1,0,0,0,2,0,0,2,0,0,0,0,2,0,0,1,2,2,1,2,0,1,0,1,2,0,2,0,1,1,0,2,1,2],"10":[0,0,1,0,1,0,2,1,0,0,0,2,0,2,0,1,2,1,1,0,2,2,2,2,2,2,0,0,0,2,1,0,0,0,2,0,1,1,2,2,2,0,0,0,0,0,0,0,0,0,2,1,2,0,2,1,0,0,2,1,1,2,0,2,2,2,1,0,0,2,1],"11":[0,0,1,0,0,0,0,0,1,1,0,0,0,0,1,1,1,2,2,1,2,2,0,0,0,2,2,0,0,1,2,1,2,2,1,0,2,0,1,0,1,1,1,0,0,0,1,0,1,0,1,2,1,1,2,0,2,2,1,0,0,2,2,0,1,1,2,2,1,0,0],"12":[0,0,2,1,0,0,0,0,0,0,0,2,2,1,0,1,0,2,2,1,0,1,0,0,0,2,2,2,1,2,0,1,0,2,2,2,0,0,0,0,1,2,0,2,1,0,0,2,1,2,1,2,1,2,2,1,0,2,0,0,1,0,2,0,2,1,2,0,0,0,1],"13":[2,1,0,0,0,0,1,0,0,1,0,0,1,0,0,2,0,2,2,2,0,2,1,0,0,2,0,1,0,0,2,0,0,2,2,0,0,0,1,0,1,1,1,0,0,0,1,0,1,1,1,1,2,2,2,0,2,1,2,0,1,2,2,1,2,1,1,2,0,1,0],"14":[2,2,0,0,0,0,0,1,0,0,0,1,2,0,0,2,2,0,2,2,1,0,2,0,0,1,0,2,2,1,2,1,2,2,0,0,0,0,0,2,0,0,2,1,0,0,2,0,1,0,2,1,0,2,2,1,2,1,2,1,2,